0.26361 0.196257 0.0673526
0.120133 0.0554541 0.0646792
0.338658 0.494067 0.155408
0.284482 0.403241 0.118759
0.329081 0.355317 0.0262365
0.229364 0.200137 0.0292274
0.128144 0.182565 0.0544213
0.128874 0.0773619 0.0515123
0.200999 0.0947056 0.106293
0.341089 0.392058 0.0509689
0.473735 0.400046 0.0736897
0.462555 0.421725 0.0408297
0.317644 0.281607 0.0360374
0.440996 0.293701 0.147294
0.417804 0.353263 0.0645411
0.414206 0.263806 0.150399
0.134416 0.272707 0.138291
0.151586 0.319945 0.168359
0.117495 0.235737 0.118242
0.111488 0 0.111488
0.13469 0.0958466 0.0388437
0.333951 0.438156 0.104205
0.198868 0.116157 0.0827108
0.227366 0.188498 0.0388675
0.149333 0.0467823 0.102551
0.096132 0.185532 0.0893997
0.48278 0.403241 0.0795396
0.624061 0.653811 0.0297498
0.689229 0.830214 0.140985
0.494046 0.469192 0.0248538
0.456914 0.565495 0.108581
0.703254 0.667732 0.0355223
0.645519 0.636467 0.0090521
0.528024 0.647193 0.119169
0.167533 0.09288 0.0746534
0.154727 0.233911 0.0791849
0.123511 0.162939 0.0394283
0.134287 0.238932 0.104645
0.330225 0.225924 0.104301
0.0903096 0.00753081 0.0827788
0.256768 0.149247 0.107521
0.154043 0.0677773 0.0862655
0.252355 0.0997261 0.152628
0.125548 0.0602465 0.0653019
0.492194 0.432907 0.0592869
0.522117 0.380648 0.141469
0.568022 0.554769 0.0132521
0.608997 0.635555 0.0265579
0.554574 0.477408 0.0771666
0.536631 0.51278 0.0238516
0.499824 0.596075 0.0962509
0.568878 0.616385 0.047507
0.560657 0.505477 0.0551796
0.588868 0.65267 0.0638024
0.52387 0.600411 0.0765406
0.271078 0.406207 0.13513
0.2798 0.230945 0.0488549
0.125205 0.0611593 0.0640456
0.257218 0.211091 0.0461268
0.383654 0.468051 0.0843973
0.198043 0.117983 0.0800605
0.174309 0.110224 0.0640855
0.206581 0.22387 0.0172897
0.344125 0.184391 0.159734
0.222189 0.237791 0.0156025
0.14379 0.116157 0.0276334
0.429057 0.422638 0.00641936
0.472728 0.407348 0.0653797
0.51874 0.344135 0.174605
0.465862 0.63236 0.166498
0.356809 0.527613 0.170804
0.469651 0.336148 0.133503
0.36007 0.255819 0.104251
0.485358 0.444318 0.0410408
0.222024 0.106344 0.115679
0.255253 0.237791 0.0174616
0.445643 0.384756 0.060887
0.34846 0.330899 0.0175605
0.193599 0.111365 0.0822343
0.443576 0.483797 0.0402212
0.263631 0.120949 0.142682
0.308173 0.135555 0.172619
0.320545 0.174578 0.145968
0.338061 0.321999 0.0160615
0.389678 0.421725 0.0320473
0.385002 0.399133 0.0141304
0.403501 0.380648 0.0228527
0.319797 0.374715 0.0549172
0.34152 0.425833 0.0843127
0.500931 0.49612 0.00481018
0.33902 0.325879 0.0131412
0.526569 0.357371 0.169198
0.459765 0.335007 0.124758
0.219163 0.310817 0.0916543
0.411428 0.405294 0.00613353
0.364397 0.366499 0.0021019
0.612204 0.555911 0.0562933
0.398358 0.419671 0.0213138
0.366267 0.402099 0.0358329
0.397017 0.525331 0.128314
0.31464 0.296668 0.0179716
0.315385 0.375628 0.0602425
0.253816 0.23277 0.0210457
0.30167 0.504564 0.202894
0.248342 0.329073 0.0807314
0.410153 0.552716 0.142562
0.428047 0.494067 0.0660198
0.233313 0.251712 0.0183984
0.325476 0.280694 0.0447819
0.300055 0.229804 0.070251
0.421606 0.31675 0.104856
0.427398 0.536969 0.109571
0.143428 0.313784 0.170356
0.363014 0.390005 0.0269909
0.265741 0.255819 0.00992185
0.37323 0.329073 0.0441561
0.375728 0.434048 0.0583209
0.499912 0.454587 0.0453249
0.43398 0.510726 0.0767458
0.291284 0.472387 0.181103
0.55014 0.535828 0.0143113
0.289066 0.414423 0.125356
0.484715 0.587631 0.102916
0.331321 0.424692 0.0933709
0.544728 0.382702 0.162026
0.406689 0.485851 0.0791626
0.420445 0.332953 0.0874919
0.399208 0.447513 0.0483042
0.0739024 0.130762 0.0568598
0.118349 0.151073 0.0327232
0.170227 0.239845 0.0696173
0.398011 0.354176 0.0438349
0.474358 0.590826 0.116468
0.0859779 0.0362848 0.0496931
0.537139 0.492013 0.0451261
0.122946 0.129621 0.00667473
0.417937 0.362392 0.0555449
0.0575045 0.147193 0.0896886
0.288748 0.293701 0.00495341
0.398014 0.395025 0.00298885
0.140082 0.309904 0.169822
0.560283 0.628024 0.0677411
0.265544 0.144226 0.121318
0.185175 0.200137 0.0149624
0.360619 0.4288 0.0681807
0.188983 0.130762 0.0582211
0.335306 0.250799 0.084507
0.282674 0.214058 0.0686164
0.243925 0.259699 0.0157741
0.549022 0.540164 0.00885743
0.346765 0.355317 0.00855267
0.36395 0.41351 0.0495598
0.375576 0.379735 0.0041596
0.676857 0.743496 0.0666391
0.381174 0.293701 0.0874729
0.318122 0.383843 0.0657212
0.294663 0.300776 0.00611317
0.446514 0.494067 0.0475524
0.18569 0.142401 0.0432894
0.271536 0.21497 0.0565659
0.406445 0.4288 0.0223549
0.460498 0.300776 0.159722
0.491003 0.522364 0.0313609
0.298471 0.179598 0.118873
0.291021 0.191465 0.0995558
0.318956 0.31675 0.00220558
0.142539 0.112277 0.0302611
0.563584 0.453674 0.10991
0.451558 0.380648 0.0709103
0.447886 0.384756 0.0631301
0.526886 0.4733 0.0535863
0.167006 0.176632 0.00962597
0.586827 0.787312 0.200485
0.358922 0.279781 0.0791407
0.526067 0.478549 0.0475186
0.270617 0.436102 0.165485
0.460279 0.497261 0.0369826
0.310744 0.417617 0.106874
0.353973 0.320858 0.0331148
0.0816138 0.0668644 0.0147493
0.362736 0.444318 0.081582
0.302147 0.195345 0.106802
0.28087 0.421725 0.140855
0.561658 0.571657 0.00999844
0.261396 0.0543131 0.207083
0.676164 0.712004 0.0358396
0.274513 0.293701 0.0191888
0.464138 0.667732 0.203594
0.513739 0.663396 0.149657
0.263474 0.134642 0.128832
0.260337 0.162939 0.0973978
0.218844 0.078503 0.140341
0.522597 0.536969 0.0143727
0.280888 0.361479 0.0805903
0.436518 0.343222 0.093296
0.271563 0.361479 0.0899158
0.716596 1 0.283404
0.184009 0.225924 0.0419157
0.150046 0.0880876 0.0619581
0.486747 0.474441 0.0123062
0.348616 0.257645 0.0909711
0.39348 0.198311 0.195169
0.613798 0.509813 0.103985
0.342949 0.178686 0.164263
0.31767 0.0351438 0.282526
0.436051 0.164765 0.271286
0.252354 0.201278 0.0510764
0.390868 0.253765 0.137102
0.430125 0.489959 0.059834
0.352772 0.256732 0.0960403
0.414194 0.30283 0.111364
0.42946 0.159973 0.269488
0.439472 0.28366 0.155812
0.327783 0.267686 0.060097
0.494908 0.525331 0.0304224
0.435248 0.505477 0.0702291
0.496025 0.341168 0.154857
0.443578 0.483797 0.0402195
0.664246 0.53811 0.126136
0.267776 0.199224 0.0685521
0.553418 0.597216 0.0437979
0.308769 0.304884 0.00388533
0.686957 0.714057 0.0271009
0.602198 0.609995 0.00779754
0.636059 0.661114 0.0250542
0.626682 0.578047 0.0486359
0.283332 0.262665 0.0206664
0.610559 0.605659 0.0048998
0.304712 0.168873 0.135839
0.545889 0.682793 0.136904
0.688424 0.584436 0.103988
0.538631 0.509813 0.0288178
0.580827 0.645139 0.0643122
