0.250316 0.196257 0.0540582
0.138842 0.0554541 0.0833883
0.345901 0.494067 0.148166
0.266686 0.403241 0.136555
0.320114 0.355317 0.0352032
0.221103 0.200137 0.020966
0.143824 0.182565 0.0387411
0.142358 0.0773619 0.0649965
0.184356 0.0947056 0.08965
0.331823 0.392058 0.0602353
0.481557 0.400046 0.0815116
0.467654 0.421725 0.0459287
0.296587 0.281607 0.0149803
0.440884 0.293701 0.147182
0.426537 0.353263 0.0732741
0.429983 0.263806 0.166176
0.148102 0.272707 0.124605
0.158784 0.319945 0.161161
0.135212 0.235737 0.100525
0.132783 0 0.132783
0.149109 0.0958466 0.053262
0.335522 0.438156 0.102634
0.193316 0.116157 0.0771587
0.233025 0.188498 0.0445271
0.158291 0.0467823 0.111508
0.126217 0.185532 0.0593147
0.494402 0.403241 0.0911613
0.605328 0.653811 0.0484828
0.63432 0.830214 0.195894
0.503359 0.469192 0.0341669
0.481585 0.565495 0.08391
0.6419 0.667732 0.025832
0.615078 0.636467 0.0213895
0.536385 0.647193 0.110808
0.171937 0.09288 0.079057
0.159789 0.233911 0.0741221
0.141628 0.162939 0.0213109
0.148056 0.238932 0.0908759
0.32136 0.225924 0.0954362
0.12363 0.00753081 0.1161
0.255169 0.149247 0.105922
0.162683 0.0677773 0.0949058
0.245086 0.0997261 0.14536
0.132639 0.0602465 0.0723927
0.498206 0.432907 0.065299
0.537352 0.380648 0.156704
0.567847 0.554769 0.013078
0.59783 0.635555 0.0377241
0.56124 0.477408 0.083832
0.543184 0.51278 0.0304048
0.509549 0.596075 0.0865261
0.571738 0.616385 0.044647
0.566912 0.505477 0.0614346
0.586212 0.65267 0.0664585
0.538189 0.600411 0.0622215
0.259111 0.406207 0.147096
0.259929 0.230945 0.0289844
0.141703 0.0611593 0.0805436
0.253842 0.211091 0.0427512
0.384189 0.468051 0.0838616
0.198477 0.117983 0.080494
0.175793 0.110224 0.0655696
0.201934 0.22387 0.0219365
0.34548 0.184391 0.161089
0.219739 0.237791 0.0180515
0.160275 0.116157 0.0441178
0.448383 0.422638 0.0257454
0.490266 0.407348 0.082918
0.537303 0.344135 0.193168
0.49471 0.63236 0.13765
0.369295 0.527613 0.158318
0.479189 0.336148 0.143041
0.362041 0.255819 0.106221
0.510249 0.444318 0.065931
0.215262 0.106344 0.108918
0.250218 0.237791 0.0124273
0.464281 0.384756 0.0795248
0.354929 0.330899 0.0240295
0.191924 0.111365 0.080559
0.456445 0.483797 0.0273522
0.255538 0.120949 0.134588
0.296195 0.135555 0.160641
0.325727 0.174578 0.151149
0.333851 0.321999 0.0118518
0.381889 0.421725 0.0398365
0.385666 0.399133 0.0134666
0.414649 0.380648 0.0340013
0.311065 0.374715 0.0636495
0.348051 0.425833 0.0777822
0.517432 0.49612 0.0213113
0.33665 0.325879 0.0107713
0.539044 0.357371 0.181673
0.469814 0.335007 0.134808
0.203843 0.310817 0.106974
0.412952 0.405294 0.00765738
0.359652 0.366499 0.00684765
0.598547 0.555911 0.0426365
0.400743 0.419671 0.0189285
0.361427 0.402099 0.0406729
0.397165 0.525331 0.128166
0.307418 0.296668 0.0107499
0.308091 0.375628 0.0675368
0.245831 0.23277 0.013061
0.289963 0.504564 0.214601
0.2387 0.329073 0.0903733
0.417345 0.552716 0.135371
0.443484 0.494067 0.0505831
0.218231 0.251712 0.0334801
0.323572 0.280694 0.0428779
0.288109 0.229804 0.0583056
0.417049 0.31675 0.100298
0.431475 0.536969 0.105495
0.149817 0.313784 0.163967
0.352855 0.390005 0.0371495
0.255326 0.255819 0.000493497
0.382251 0.329073 0.0531778
0.37621 0.434048 0.0578386
0.505907 0.454587 0.0513199
0.437516 0.510726 0.07321
0.274811 0.472387 0.197576
0.558882 0.535828 0.0230536
0.270346 0.414423 0.144076
0.490346 0.587631 0.0972848
0.31765 0.424692 0.107041
0.551249 0.382702 0.168547
0.414255 0.485851 0.0715964
0.425415 0.332953 0.092462
0.406612 0.447513 0.0409003
0.110684 0.130762 0.0200784
0.132876 0.151073 0.0181969
0.165276 0.239845 0.0745689
0.398139 0.354176 0.0439624
0.491013 0.590826 0.0998133
0.119878 0.0362848 0.0835933
0.547312 0.492013 0.0552992
0.136173 0.129621 0.00655217
0.414582 0.362392 0.0521904
0.104145 0.147193 0.0430482
0.287604 0.293701 0.00609723
0.400957 0.395025 0.00593171
0.144642 0.309904 0.165262
0.564122 0.628024 0.0639022
0.255153 0.144226 0.110927
0.187486 0.200137 0.0126513
0.363492 0.4288 0.0653077
0.186178 0.130762 0.055416
0.336217 0.250799 0.0854183
0.274049 0.214058 0.0599915
0.233916 0.259699 0.0257826
0.556087 0.540164 0.015923
0.335736 0.355317 0.0195807
0.365602 0.41351 0.0479074
0.377955 0.379735 0.0017803
0.628546 0.743496 0.11495
0.384016 0.293701 0.0903147
0.310309 0.383843 0.0735335
0.279863 0.300776 0.0209129
0.460117 0.494067 0.0339499
0.1816 0.142401 0.0391993
0.260392 0.21497 0.0454212
0.409114 0.4288 0.0196852
0.466428 0.300776 0.165652
0.500207 0.522364 0.0221574
0.287625 0.179598 0.108027
0.285594 0.191465 0.0941287
0.310044 0.31675 0.00670624
0.154161 0.112277 0.0418836
0.563122 0.453674 0.109448
0.452691 0.380648 0.0720429
0.455226 0.384756 0.0704704
0.540351 0.4733 0.0670516
0.171091 0.176632 0.00554106
0.582546 0.787312 0.204765
0.360247 0.279781 0.0804664
0.538547 0.478549 0.0599982
0.252389 0.436102 0.183713
0.477168 0.497261 0.0200933
0.305636 0.417617 0.111982
0.347721 0.320858 0.0268635
0.116861 0.0668644 0.0499964
0.363835 0.444318 0.0804822
0.295791 0.195345 0.100446
0.271556 0.421725 0.150169
0.563318 0.571657 0.00833839
0.245276 0.0543131 0.190963
0.628634 0.712004 0.0833694
0.25735 0.293701 0.0363514
0.480699 0.667732 0.187033
0.52059 0.663396 0.142805
0.248842 0.134642 0.1142
0.251593 0.162939 0.0886533
0.210331 0.078503 0.131828
0.525178 0.536969 0.0117918
0.278911 0.361479 0.0825682
0.456459 0.343222 0.113237
0.262344 0.361479 0.0991351
0.642201 1 0.357799
0.179762 0.225924 0.0461622
0.165179 0.0880876 0.0770916
0.493133 0.474441 0.0186923
0.355551 0.257645 0.0979066
0.40407 0.198311 0.205759
0.600236 0.509813 0.0904232
0.359367 0.178686 0.180681
0.314073 0.0351438 0.278929
0.446269 0.164765 0.281504
0.245818 0.201278 0.0445402
0.39504 0.253765 0.141275
0.437129 0.489959 0.0528296
0.34224 0.256732 0.0855081
0.428301 0.30283 0.125471
0.436372 0.159973 0.276399
0.452579 0.28366 0.168919
0.325873 0.267686 0.0581874
0.513934 0.525331 0.0113965
0.45277 0.505477 0.052707
0.517057 0.341168 0.175888
0.459768 0.483797 0.0240298
0.624524 0.53811 0.086414
0.26225 0.199224 0.0630262
0.562713 0.597216 0.0345026
0.30189 0.304884 0.00299349
0.633535 0.714057 0.0805224
0.593892 0.609995 0.0161036
0.613826 0.661114 0.0472879
0.609494 0.578047 0.0314476
0.280336 0.262665 0.0176705
0.597972 0.605659 0.00768757
0.312221 0.168873 0.143349
0.556928 0.682793 0.125866
0.634092 0.584436 0.0496562
0.555054 0.509813 0.045241
0.585076 0.645139 0.0600634
