0.253672 0.196257 0.057415
0.132778 0.0554541 0.077324
0.342335 0.494067 0.151732
0.274524 0.403241 0.128717
0.32415 0.355317 0.0311671
0.222437 0.200137 0.0223004
0.138681 0.182565 0.0438837
0.138333 0.0773619 0.060971
0.190648 0.0947056 0.0959425
0.336789 0.392058 0.0552692
0.478964 0.400046 0.0789185
0.465062 0.421725 0.0433368
0.305122 0.281607 0.0235155
0.443309 0.293701 0.149607
0.422247 0.353263 0.0689838
0.421634 0.263806 0.157827
0.14383 0.272707 0.128876
0.156137 0.319945 0.163808
0.129826 0.235737 0.105911
0.126738 0 0.126738
0.143973 0.0958466 0.0481261
0.333982 0.438156 0.104174
0.194845 0.116157 0.0786883
0.231472 0.188498 0.0429739
0.155532 0.0467823 0.10875
0.117461 0.185532 0.0680704
0.491953 0.403241 0.0887128
0.617637 0.653811 0.0361736
0.662728 0.830214 0.167486
0.500744 0.469192 0.0315521
0.472239 0.565495 0.0932558
0.673585 0.667732 0.005853
0.632812 0.636467 0.00365543
0.534536 0.647193 0.112657
0.17081 0.09288 0.0779304
0.159221 0.233911 0.0746908
0.136157 0.162939 0.0267828
0.144107 0.238932 0.0948252
0.327394 0.225924 0.10147
0.115261 0.00753081 0.10773
0.25824 0.149247 0.108993
0.159904 0.0677773 0.092127
0.24887 0.0997261 0.149144
0.131888 0.0602465 0.0716414
0.498022 0.432907 0.0651146
0.533938 0.380648 0.15329
0.571938 0.554769 0.0171684
0.606729 0.635555 0.0288258
0.561669 0.477408 0.0842612
0.543467 0.51278 0.0306875
0.508216 0.596075 0.0878586
0.573677 0.616385 0.042708
0.567926 0.505477 0.062449
0.592078 0.65267 0.0605925
0.534881 0.600411 0.0655294
0.266188 0.406207 0.140019
0.269414 0.230945 0.0384696
0.13794 0.0611593 0.0767809
0.258034 0.211091 0.0469436
0.388301 0.468051 0.0797497
0.198988 0.117983 0.081005
0.177574 0.110224 0.0673505
0.204439 0.22387 0.019431
0.347951 0.184391 0.16356
0.222319 0.237791 0.0154722
0.156011 0.116157 0.039854
0.443705 0.422638 0.0210668
0.488579 0.407348 0.081231
0.533416 0.344135 0.189281
0.485217 0.63236 0.147142
0.367966 0.527613 0.159647
0.478637 0.336148 0.142489
0.365254 0.255819 0.109434
0.502622 0.444318 0.0583048
0.21857 0.106344 0.112226
0.253491 0.237791 0.0157005
0.458694 0.384756 0.0739385
0.353037 0.330899 0.0221374
0.193041 0.111365 0.0816767
0.452721 0.483797 0.0310766
0.262181 0.120949 0.141231
0.302465 0.135555 0.16691
0.324154 0.174578 0.149577
0.335973 0.321999 0.013974
0.388598 0.421725 0.0331274
0.388247 0.399133 0.0108854
0.412994 0.380648 0.0323462
0.315491 0.374715 0.0592238
0.346644 0.425833 0.0791886
0.512043 0.49612 0.0159221
0.338188 0.325879 0.0123096
0.536552 0.357371 0.179181
0.468241 0.335007 0.133234
0.211833 0.310817 0.0989836
0.414815 0.405294 0.00952023
0.362669 0.366499 0.00383034
0.608634 0.555911 0.0527239
0.399484 0.419671 0.0201876
0.365604 0.402099 0.0364951
0.399949 0.525331 0.125382
0.310854 0.296668 0.0141858
0.313613 0.375628 0.0620147
0.249343 0.23277 0.0165724
0.296638 0.504564 0.207926
0.244637 0.329073 0.0844367
0.416981 0.552716 0.135734
0.438495 0.494067 0.055572
0.225032 0.251712 0.0266793
0.325143 0.280694 0.0444496
0.293965 0.229804 0.0641608
0.421355 0.31675 0.104604
0.430938 0.536969 0.106032
0.148379 0.313784 0.165404
0.358837 0.390005 0.0311678
0.260377 0.255819 0.00455794
0.380721 0.329073 0.0516477
0.377865 0.434048 0.0561831
0.506277 0.454587 0.0516896
0.437343 0.510726 0.0733831
0.282771 0.472387 0.189617
0.558308 0.535828 0.0224794
0.27877 0.414423 0.135652
0.490166 0.587631 0.0974649
0.32579 0.424692 0.098902
0.552032 0.382702 0.16933
0.414018 0.485851 0.0718336
0.424504 0.332953 0.0915507
0.406152 0.447513 0.0413603
0.101992 0.130762 0.0287702
0.129159 0.151073 0.0219138
0.166315 0.239845 0.0735303
0.39859 0.354176 0.0444142
0.483808 0.590826 0.107018
0.111484 0.0362848 0.0751995
0.545369 0.492013 0.0533566
0.131719 0.129621 0.00209758
0.416633 0.362392 0.0542414
0.0941984 0.147193 0.0529947
0.285532 0.293701 0.0081698
0.39924 0.395025 0.0042153
0.143666 0.309904 0.166238
0.563627 0.628024 0.0643969
0.259009 0.144226 0.114782
0.185157 0.200137 0.0149797
0.362463 0.4288 0.0663362
0.187339 0.130762 0.0565763
0.336546 0.250799 0.0857475
0.275495 0.214058 0.0614372
0.237369 0.259699 0.0223301
0.555707 0.540164 0.0155423
0.341056 0.355317 0.0142608
0.364009 0.41351 0.0495009
0.376682 0.379735 0.00305334
0.652848 0.743496 0.090648
0.383469 0.293701 0.0897674
0.314196 0.383843 0.0696467
0.286765 0.300776 0.0140109
0.456268 0.494067 0.0377989
0.183142 0.142401 0.040741
0.265579 0.21497 0.0506083
0.409081 0.4288 0.0197186
0.465213 0.300776 0.164437
0.498681 0.522364 0.0236828
0.292321 0.179598 0.112723
0.288714 0.191465 0.0972488
0.315529 0.31675 0.00122178
0.150759 0.112277 0.0384817
0.565736 0.453674 0.112062
0.453668 0.380648 0.0730203
0.453613 0.384756 0.0688577
0.536558 0.4733 0.0632578
0.16937 0.176632 0.0072619
0.588094 0.787312 0.199218
0.360988 0.279781 0.0812072
0.537011 0.478549 0.058462
0.261739 0.436102 0.174363
0.470326 0.497261 0.026935
0.309574 0.417617 0.108043
0.353135 0.320858 0.0322768
0.108919 0.0668644 0.0420541
0.363177 0.444318 0.0811407
0.299527 0.195345 0.104182
0.276627 0.421725 0.145098
0.565165 0.571657 0.00649202
0.254207 0.0543131 0.199894
0.6533 0.712004 0.0587036
0.26544 0.293701 0.0282614
0.475032 0.667732 0.1927
0.519857 0.663396 0.143539
0.256012 0.134642 0.12137
0.256461 0.162939 0.0935214
0.213817 0.078503 0.135314
0.527873 0.536969 0.00909597
0.281575 0.361479 0.0799042
0.450318 0.343222 0.107096
0.268156 0.361479 0.0933223
0.677649 1 0.322351
0.183007 0.225924 0.0429169
0.160836 0.0880876 0.0727482
0.493009 0.474441 0.0185682
0.355064 0.257645 0.0974189
0.401432 0.198311 0.203121
0.61052 0.509813 0.100708
0.353646 0.178686 0.174961
0.317928 0.0351438 0.282784
0.443318 0.164765 0.278553
0.250503 0.201278 0.0492249
0.395396 0.253765 0.141631
0.439161 0.489959 0.0507974
0.349722 0.256732 0.0929899
0.42391 0.30283 0.12108
0.435921 0.159973 0.275948
0.449756 0.28366 0.166096
0.330442 0.267686 0.0627565
0.508947 0.525331 0.0163842
0.44667 0.505477 0.0588071
0.510798 0.341168 0.169629
0.456297 0.483797 0.0274999
0.646767 0.53811 0.108657
0.266986 0.199224 0.0677624
0.562236 0.597216 0.0349796
0.308183 0.304884 0.0032995
0.661432 0.714057 0.0526257
0.602777 0.609995 0.00721824
0.629331 0.661114 0.0317826
0.622552 0.578047 0.0445057
0.285102 0.262665 0.0224369
0.608969 0.605659 0.00330955
0.31082 0.168873 0.141947
0.556648 0.682793 0.126145
0.662163 0.584436 0.0777267
0.552336 0.509813 0.0425236
0.588773 0.645139 0.0563659
