0.259377 0.196257 0.0631197
0.12486 0.0554541 0.0694062
0.338252 0.494067 0.155815
0.279605 0.403241 0.123635
0.325866 0.355317 0.0294508
0.226374 0.200137 0.0262376
0.132134 0.182565 0.0504307
0.132313 0.0773619 0.0549515
0.197372 0.0947056 0.102666
0.338436 0.392058 0.0536224
0.474374 0.400046 0.0743285
0.463156 0.421725 0.0414312
0.311954 0.281607 0.0303479
0.440219 0.293701 0.146517
0.416902 0.353263 0.0636391
0.414532 0.263806 0.150726
0.139076 0.272707 0.13363
0.154324 0.319945 0.165622
0.122822 0.235737 0.112915
0.117396 0 0.117396
0.139135 0.0958466 0.0432882
0.331539 0.438156 0.106617
0.197509 0.116157 0.0813516
0.227356 0.188498 0.0388575
0.15169 0.0467823 0.104908
0.104605 0.185532 0.0809268
0.486771 0.403241 0.0835308
0.624261 0.653811 0.0295501
0.680521 0.830214 0.149693
0.497017 0.469192 0.0278246
0.463821 0.565495 0.101674
0.696452 0.667732 0.0287203
0.643305 0.636467 0.0068379
0.531424 0.647193 0.115769
0.170666 0.09288 0.0777857
0.157574 0.233911 0.0763376
0.129956 0.162939 0.0329831
0.139176 0.238932 0.0997558
0.32898 0.225924 0.103056
0.101571 0.00753081 0.0940403
0.258602 0.149247 0.109355
0.157903 0.0677773 0.0901253
0.252652 0.0997261 0.152926
0.127872 0.0602465 0.0676251
0.495211 0.432907 0.0623039
0.528943 0.380648 0.148295
0.571761 0.554769 0.0169917
0.611197 0.635555 0.0243574
0.560301 0.477408 0.0828936
0.541597 0.51278 0.0288174
0.504789 0.596075 0.0912853
0.573307 0.616385 0.0430785
0.566335 0.505477 0.0608581
0.593049 0.65267 0.0596215
0.52951 0.600411 0.0709009
0.271232 0.406207 0.134975
0.277089 0.230945 0.0461446
0.132424 0.0611593 0.0712647
0.259402 0.211091 0.0483114
0.386615 0.468051 0.0814362
0.201129 0.117983 0.0831464
0.177441 0.110224 0.0672174
0.209638 0.22387 0.0142321
0.347784 0.184391 0.163394
0.226191 0.237791 0.0115995
0.152124 0.116157 0.035967
0.437737 0.422638 0.0150993
0.480748 0.407348 0.0734001
0.526093 0.344135 0.181958
0.475168 0.63236 0.157192
0.362093 0.527613 0.16552
0.474479 0.336148 0.138331
0.364893 0.255819 0.109073
0.494189 0.444318 0.0498711
0.222703 0.106344 0.116358
0.256662 0.237791 0.0188708
0.450434 0.384756 0.0656779
0.350401 0.330899 0.019502
0.195774 0.111365 0.0844098
0.446748 0.483797 0.0370494
0.263963 0.120949 0.143013
0.306263 0.135555 0.170708
0.323849 0.174578 0.149271
0.338272 0.321999 0.0162726
0.388912 0.421725 0.0328132
0.386204 0.399133 0.0129289
0.407236 0.380648 0.0265879
0.318664 0.374715 0.0560506
0.343775 0.425833 0.082058
0.50499 0.49612 0.00886998
0.340617 0.325879 0.0147389
0.53103 0.357371 0.173658
0.462201 0.335007 0.127194
0.215797 0.310817 0.0950201
0.412068 0.405294 0.00677362
0.364512 0.366499 0.00198764
0.612489 0.555911 0.0565783
0.398443 0.419671 0.0212285
0.365821 0.402099 0.0362784
0.397974 0.525331 0.127357
0.313666 0.296668 0.0169981
0.315984 0.375628 0.0596431
0.253815 0.23277 0.0210449
0.300304 0.504564 0.20426
0.248539 0.329073 0.0805348
0.41272 0.552716 0.139995
0.431112 0.494067 0.0629543
0.23067 0.251712 0.0210412
0.326339 0.280694 0.045645
0.299625 0.229804 0.0698213
0.420967 0.31675 0.104216
0.428615 0.536969 0.108355
0.146471 0.313784 0.167313
0.361099 0.390005 0.0289054
0.264418 0.255819 0.00859866
0.377302 0.329073 0.0482282
0.376353 0.434048 0.0576954
0.502791 0.454587 0.0482037
0.435209 0.510726 0.0755171
0.288038 0.472387 0.184349
0.554361 0.535828 0.0185324
0.286012 0.414423 0.12841
0.486485 0.587631 0.101146
0.329028 0.424692 0.0956639
0.548671 0.382702 0.165969
0.4084 0.485851 0.0774515
0.421498 0.332953 0.0885448
0.401903 0.447513 0.0456092
0.0836829 0.130762 0.0470793
0.12134 0.151073 0.0297321
0.167938 0.239845 0.0719073
0.396535 0.354176 0.0423586
0.47671 0.590826 0.114116
0.0948289 0.0362848 0.0585441
0.54 0.492013 0.0479874
0.126318 0.129621 0.00330338
0.417037 0.362392 0.0546456
0.0702892 0.147193 0.0769039
0.286793 0.293701 0.00690857
0.396634 0.395025 0.0016087
0.141174 0.309904 0.16873
0.562716 0.628024 0.0653077
0.26256 0.144226 0.118334
0.184376 0.200137 0.0157609
0.359648 0.4288 0.0691512
0.188479 0.130762 0.0577167
0.334605 0.250799 0.0838064
0.280415 0.214058 0.0663575
0.241093 0.259699 0.0186061
0.552352 0.540164 0.0121873
0.344578 0.355317 0.0107391
0.363032 0.41351 0.0504781
0.375952 0.379735 0.00378311
0.669798 0.743496 0.0736985
0.380761 0.293701 0.0870594
0.315965 0.383843 0.0678781
0.291349 0.300776 0.00942692
0.450677 0.494067 0.0433901
0.184886 0.142401 0.0424852
0.270281 0.21497 0.0553106
0.40711 0.4288 0.0216901
0.462503 0.300776 0.161727
0.493955 0.522364 0.0284088
0.296025 0.179598 0.116427
0.291265 0.191465 0.0997996
0.316076 0.31675 0.000674665
0.147036 0.112277 0.0347581
0.565533 0.453674 0.111858
0.453032 0.380648 0.072384
0.4487 0.384756 0.0639443
0.531279 0.4733 0.0579796
0.170002 0.176632 0.00662939
0.589389 0.787312 0.197923
0.359321 0.279781 0.0795399
0.531338 0.478549 0.0527895
0.268026 0.436102 0.168076
0.463899 0.497261 0.033362
0.309891 0.417617 0.107727
0.353429 0.320858 0.0325714
0.0922631 0.0668644 0.0253987
0.363399 0.444318 0.0809182
0.301974 0.195345 0.106629
0.279701 0.421725 0.142024
0.564694 0.571657 0.0069623
0.258844 0.0543131 0.20453
0.669562 0.712004 0.0424419
0.274063 0.293701 0.0196388
0.467727 0.667732 0.200004
0.516005 0.663396 0.147391
0.2619 0.134642 0.127259
0.26141 0.162939 0.0984706
0.218696 0.078503 0.140193
0.524301 0.536969 0.0126684
0.281541 0.361479 0.0799377
0.442043 0.343222 0.0988206
0.272226 0.361479 0.0892527
0.702032 1 0.297968
0.185473 0.225924 0.0404513
0.157064 0.0880876 0.0689763
0.489662 0.474441 0.0152209
0.351698 0.257645 0.0940528
0.394245 0.198311 0.195934
0.615349 0.509813 0.105536
0.349748 0.178686 0.171063
0.319293 0.0351438 0.284149
0.438686 0.164765 0.273921
0.25498 0.201278 0.0537018
0.393398 0.253765 0.139632
0.433549 0.489959 0.0564094
0.352404 0.256732 0.0956718
0.418533 0.30283 0.115704
0.432894 0.159973 0.272921
0.443463 0.28366 0.159803
0.330224 0.267686 0.0625383
0.502384 0.525331 0.0229472
0.440111 0.505477 0.0653656
0.503708 0.341168 0.16254
0.449625 0.483797 0.0341726
0.660648 0.53811 0.122538
0.270697 0.199224 0.0714732
0.560152 0.597216 0.0370644
0.311175 0.304884 0.006291
0.679748 0.714057 0.0343091
0.606421 0.609995 0.00357485
0.637397 0.661114 0.0237166
0.628615 0.578047 0.0505684
0.287324 0.262665 0.0246586
0.613431 0.605659 0.00777149
0.311032 0.168873 0.142159
0.553455 0.682793 0.129338
0.681046 0.584436 0.0966092
0.54748 0.509813 0.037667
0.58773 0.645139 0.0574088
