0.257238 0.196257 0.0609801
0.128901 0.0554541 0.0734471
0.339788 0.494067 0.154279
0.276167 0.403241 0.127073
0.32346 0.355317 0.0318568
0.224712 0.200137 0.0245752
0.135621 0.182565 0.0469443
0.135361 0.0773619 0.0579996
0.193765 0.0947056 0.0990591
0.336126 0.392058 0.0559321
0.47634 0.400046 0.0762945
0.465326 0.421725 0.0436004
0.306817 0.281607 0.0252104
0.440763 0.293701 0.147061
0.417445 0.353263 0.0641814
0.415924 0.263806 0.152117
0.142332 0.272707 0.130374
0.156512 0.319945 0.163434
0.126548 0.235737 0.109189
0.122179 0 0.122179
0.142811 0.0958466 0.0469642
0.331706 0.438156 0.10645
0.195829 0.116157 0.079672
0.229508 0.188498 0.0410098
0.153678 0.0467823 0.106896
0.111168 0.185532 0.0743639
0.489887 0.403241 0.0866465
0.621616 0.653811 0.0321953
0.668662 0.830214 0.161553
0.499177 0.469192 0.0299852
0.469148 0.565495 0.0963477
0.681738 0.667732 0.0140062
0.637935 0.636467 0.00146788
0.534176 0.647193 0.113017
0.172549 0.09288 0.0796688
0.158928 0.233911 0.0749838
0.134169 0.162939 0.0287706
0.14261 0.238932 0.0963221
0.328693 0.225924 0.102768
0.109358 0.00753081 0.101828
0.259241 0.149247 0.109995
0.159964 0.0677773 0.0921863
0.252286 0.0997261 0.15256
0.130201 0.0602465 0.069955
0.497377 0.432907 0.0644696
0.533666 0.380648 0.153018
0.57291 0.554769 0.0181409
0.610421 0.635555 0.0251339
0.563032 0.477408 0.0856248
0.544153 0.51278 0.0313733
0.507608 0.596075 0.0884665
0.575516 0.616385 0.0408694
0.569273 0.505477 0.0637963
0.594317 0.65267 0.0583534
0.5337 0.600411 0.066711
0.27033 0.406207 0.135877
0.274316 0.230945 0.0433715
0.136371 0.0611593 0.0752118
0.259716 0.211091 0.0486248
0.388235 0.468051 0.0798156
0.20215 0.117983 0.0841669
0.178481 0.110224 0.0682578
0.209344 0.22387 0.0145261
0.349123 0.184391 0.164732
0.226258 0.237791 0.011533
0.1564 0.116157 0.0402435
0.442639 0.422638 0.0200012
0.486209 0.407348 0.0788607
0.531211 0.344135 0.187076
0.482303 0.63236 0.150057
0.365619 0.527613 0.161994
0.478022 0.336148 0.141874
0.366367 0.255819 0.110547
0.500423 0.444318 0.0561057
0.221633 0.106344 0.115289
0.256487 0.237791 0.0186961
0.454672 0.384756 0.0699157
0.351669 0.330899 0.0207697
0.195653 0.111365 0.0842886
0.449952 0.483797 0.0338452
0.26328 0.120949 0.142331
0.304209 0.135555 0.168654
0.325436 0.174578 0.150859
0.338463 0.321999 0.0164642
0.387498 0.421725 0.0342275
0.386497 0.399133 0.012636
0.41082 0.380648 0.0301723
0.317622 0.374715 0.0570924
0.345285 0.425833 0.0805483
0.509027 0.49612 0.0129063
0.340962 0.325879 0.0150834
0.534974 0.357371 0.177603
0.464932 0.335007 0.129925
0.212263 0.310817 0.0985535
0.413132 0.405294 0.00783721
0.364436 0.366499 0.00206324
0.611508 0.555911 0.0555975
0.399469 0.419671 0.0202022
0.36602 0.402099 0.0360797
0.39935 0.525331 0.125981
0.313096 0.296668 0.0164274
0.315636 0.375628 0.0599912
0.252842 0.23277 0.0200719
0.299463 0.504564 0.205102
0.246957 0.329073 0.0821167
0.414677 0.552716 0.138038
0.435199 0.494067 0.058868
0.227985 0.251712 0.0237269
0.32663 0.280694 0.0459362
0.297829 0.229804 0.0680255
0.420213 0.31675 0.103463
0.430228 0.536969 0.106741
0.147733 0.313784 0.16605
0.359823 0.390005 0.030182
0.26272 0.255819 0.00690112
0.380498 0.329073 0.051425
0.377805 0.434048 0.0562436
0.505329 0.454587 0.0507423
0.436671 0.510726 0.0740547
0.284804 0.472387 0.187583
0.55745 0.535828 0.0216221
0.283578 0.414423 0.130845
0.489931 0.587631 0.0977
0.327244 0.424692 0.0974482
0.55215 0.382702 0.169449
0.410928 0.485851 0.074923
0.423121 0.332953 0.0901684
0.403413 0.447513 0.0440993
0.0920813 0.130762 0.0386809
0.124498 0.151073 0.0265743
0.16717 0.239845 0.0726753
0.397245 0.354176 0.0430691
0.479892 0.590826 0.110934
0.102607 0.0362848 0.0663225
0.54245 0.492013 0.0504372
0.128964 0.129621 0.000657529
0.416289 0.362392 0.0538975
0.0813073 0.147193 0.0658858
0.286564 0.293701 0.0071373
0.397464 0.395025 0.00243932
0.142595 0.309904 0.167309
0.564674 0.628024 0.06335
0.260492 0.144226 0.116265
0.184506 0.200137 0.0156305
0.36041 0.4288 0.0683898
0.18848 0.130762 0.057718
0.334473 0.250799 0.083674
0.277706 0.214058 0.0636481
0.240303 0.259699 0.0193961
0.554694 0.540164 0.0145298
0.342418 0.355317 0.0128994
0.362773 0.41351 0.0507369
0.375991 0.379735 0.00374386
0.659954 0.743496 0.0835423
0.38201 0.293701 0.0883083
0.314415 0.383843 0.069428
0.288737 0.300776 0.0120391
0.453335 0.494067 0.0407319
0.18431 0.142401 0.0419097
0.269019 0.21497 0.0540489
0.408158 0.4288 0.0206413
0.464526 0.300776 0.16375
0.496911 0.522364 0.0254536
0.294391 0.179598 0.114793
0.291681 0.191465 0.100215
0.31545 0.31675 0.00129983
0.150184 0.112277 0.0379062
0.566358 0.453674 0.112683
0.453787 0.380648 0.0731392
0.45082 0.384756 0.0660638
0.535166 0.4733 0.0618658
0.171206 0.176632 0.00542562
0.59017 0.787312 0.197142
0.359381 0.279781 0.0796002
0.53542 0.478549 0.0568715
0.266328 0.436102 0.169774
0.467678 0.497261 0.0295833
0.309759 0.417617 0.107859
0.353772 0.320858 0.0329137
0.100203 0.0668644 0.0333382
0.364026 0.444318 0.0802917
0.300862 0.195345 0.105517
0.278479 0.421725 0.143246
0.566292 0.571657 0.00536442
0.256045 0.0543131 0.201731
0.659862 0.712004 0.0521412
0.271955 0.293701 0.0217462
0.471308 0.667732 0.196423
0.518988 0.663396 0.144408
0.259564 0.134642 0.124922
0.261095 0.162939 0.0981553
0.217638 0.078503 0.139135
0.525363 0.536969 0.0116066
0.281531 0.361479 0.0799477
0.4466 0.343222 0.103378
0.27133 0.361479 0.0901485
0.684721 1 0.315279
0.184932 0.225924 0.0409922
0.160712 0.0880876 0.0726248
0.491654 0.474441 0.017213
0.354357 0.257645 0.0967126
0.397013 0.198311 0.198702
0.61412 0.509813 0.104307
0.354453 0.178686 0.175768
0.319808 0.0351438 0.284664
0.440464 0.164765 0.275699
0.255083 0.201278 0.053805
0.394718 0.253765 0.140953
0.436159 0.489959 0.0537994
0.350504 0.256732 0.0937715
0.422101 0.30283 0.119271
0.435338 0.159973 0.275365
0.446782 0.28366 0.163121
0.330875 0.267686 0.0631887
0.507328 0.525331 0.0180027
0.44442 0.505477 0.0610568
0.50926 0.341168 0.168092
0.454172 0.483797 0.0296251
0.652862 0.53811 0.114752
0.270881 0.199224 0.071657
0.563402 0.597216 0.0338144
0.311165 0.304884 0.00628158
0.668255 0.714057 0.045802
0.605986 0.609995 0.00400907
0.634376 0.661114 0.0267376
0.626309 0.578047 0.0482622
0.287645 0.262665 0.0249792
0.612296 0.605659 0.00663656
0.313735 0.168873 0.144863
0.557212 0.682793 0.125581
0.669526 0.584436 0.0850893
0.552528 0.509813 0.0427151
0.590049 0.645139 0.0550904
