0.258356 0.196257 0.0620988
0.126705 0.0554541 0.071251
0.338865 0.494067 0.155201
0.278051 0.403241 0.12519
0.324763 0.355317 0.0305539
0.225524 0.200137 0.0253873
0.133723 0.182565 0.0488421
0.133696 0.0773619 0.0563345
0.19584 0.0947056 0.101134
0.337439 0.392058 0.0546198
0.475214 0.400046 0.0751684
0.464069 0.421725 0.0423439
0.309671 0.281607 0.0280643
0.440463 0.293701 0.146761
0.417016 0.353263 0.0637523
0.414949 0.263806 0.151143
0.140689 0.272707 0.132018
0.155415 0.319945 0.16453
0.124614 0.235737 0.111123
0.119626 0 0.119626
0.140862 0.0958466 0.0450156
0.331421 0.438156 0.106735
0.19681 0.116157 0.0806527
0.228261 0.188498 0.0397626
0.152626 0.0467823 0.105843
0.10763 0.185532 0.0779017
0.488293 0.403241 0.0850528
0.623392 0.653811 0.0304186
0.675549 0.830214 0.154665
0.498082 0.469192 0.0288897
0.466309 0.565495 0.0991862
0.690443 0.667732 0.022711
0.641273 0.636467 0.00480592
0.532759 0.647193 0.114434
0.1717 0.09288 0.0788198
0.158316 0.233911 0.0755953
0.13202 0.162939 0.0309193
0.140844 0.238932 0.0980875
0.328923 0.225924 0.102999
0.105317 0.00753081 0.0977864
0.259095 0.149247 0.109848
0.158984 0.0677773 0.0912072
0.252658 0.0997261 0.152932
0.12899 0.0602465 0.0687438
0.496293 0.432907 0.0633861
0.531302 0.380648 0.150654
0.57255 0.554769 0.0177801
0.611141 0.635555 0.0244138
0.561831 0.477408 0.0844234
0.542951 0.51278 0.0301716
0.50629 0.596075 0.0897852
0.574527 0.616385 0.041858
0.567936 0.505477 0.0624594
0.59397 0.65267 0.0587003
0.531559 0.600411 0.0688514
0.271062 0.406207 0.135145
0.275957 0.230945 0.045012
0.134473 0.0611593 0.0733136
0.259774 0.211091 0.0486829
0.387559 0.468051 0.0804918
0.201815 0.117983 0.0838321
0.178136 0.110224 0.0679124
0.20986 0.22387 0.0140106
0.348684 0.184391 0.164294
0.226594 0.237791 0.0111972
0.154379 0.116157 0.0382217
0.440256 0.422638 0.0176176
0.48351 0.407348 0.0761621
0.528598 0.344135 0.184463
0.478554 0.63236 0.153806
0.36388 0.527613 0.163733
0.476243 0.336148 0.140095
0.365907 0.255819 0.110087
0.49719 0.444318 0.0528727
0.222402 0.106344 0.116058
0.256765 0.237791 0.0189745
0.452419 0.384756 0.0676636
0.351024 0.330899 0.0201252
0.195912 0.111365 0.0845474
0.448195 0.483797 0.0356022
0.263851 0.120949 0.142902
0.305436 0.135555 0.169881
0.324717 0.174578 0.150139
0.338436 0.321999 0.0164369
0.388404 0.421725 0.0333217
0.386427 0.399133 0.0127056
0.408927 0.380648 0.0282788
0.318274 0.374715 0.0564404
0.344497 0.425833 0.0813357
0.506812 0.49612 0.0106919
0.34099 0.325879 0.0151114
0.532892 0.357371 0.175521
0.463411 0.335007 0.128404
0.214255 0.310817 0.0965623
0.412646 0.405294 0.00735143
0.364602 0.366499 0.00189745
0.612283 0.555911 0.0563728
0.398855 0.419671 0.0208164
0.365999 0.402099 0.0361001
0.398646 0.525331 0.126685
0.313454 0.296668 0.0167856
0.316011 0.375628 0.0596161
0.253483 0.23277 0.0207123
0.300041 0.504564 0.204523
0.248056 0.329073 0.0810179
0.413687 0.552716 0.139029
0.432916 0.494067 0.0611508
0.229573 0.251712 0.0221381
0.326602 0.280694 0.0459079
0.29903 0.229804 0.0692265
0.420759 0.31675 0.104008
0.429407 0.536969 0.107563
0.147188 0.313784 0.166596
0.360537 0.390005 0.0294673
0.263776 0.255819 0.00795701
0.378866 0.329073 0.0497929
0.377076 0.434048 0.0569719
0.504053 0.454587 0.049466
0.43591 0.510726 0.0748157
0.286703 0.472387 0.185684
0.555902 0.535828 0.0200736
0.285043 0.414423 0.129379
0.488041 0.587631 0.0995903
0.328322 0.424692 0.09637
0.550381 0.382702 0.167679
0.409577 0.485851 0.0762747
0.422249 0.332953 0.089296
0.40272 0.447513 0.044793
0.0875018 0.130762 0.0432604
0.122743 0.151073 0.0283297
0.167559 0.239845 0.0722862
0.396777 0.354176 0.0426005
0.47804 0.590826 0.112786
0.098361 0.0362848 0.0620762
0.541165 0.492013 0.0491518
0.127537 0.129621 0.00208443
0.416756 0.362392 0.0543645
0.075321 0.147193 0.071872
0.286585 0.293701 0.00711611
0.39687 0.395025 0.00184497
0.141844 0.309904 0.16806
0.563693 0.628024 0.064331
0.261634 0.144226 0.117407
0.184385 0.200137 0.0157517
0.359884 0.4288 0.0689158
0.188496 0.130762 0.0577334
0.334513 0.250799 0.0837144
0.279238 0.214058 0.0651801
0.240687 0.259699 0.019012
0.553519 0.540164 0.013355
0.343659 0.355317 0.0116578
0.362874 0.41351 0.0506361
0.375989 0.379735 0.00374612
0.66571 0.743496 0.0777858
0.381268 0.293701 0.0875666
0.315276 0.383843 0.0685669
0.290214 0.300776 0.0105619
0.451958 0.494067 0.0421084
0.184663 0.142401 0.0422624
0.269865 0.21497 0.0548944
0.407634 0.4288 0.0211655
0.46346 0.300776 0.162684
0.495339 0.522364 0.027025
0.295324 0.179598 0.115726
0.291563 0.191465 0.100098
0.315694 0.31675 0.00105667
0.148597 0.112277 0.0363199
0.566013 0.453674 0.112339
0.453486 0.380648 0.0728383
0.449576 0.384756 0.0648206
0.53311 0.4733 0.0598104
0.170705 0.176632 0.00592683
0.589957 0.787312 0.197355
0.35941 0.279781 0.0796287
0.533362 0.478549 0.054813
0.267385 0.436102 0.168718
0.465598 0.497261 0.0316639
0.309884 0.417617 0.107734
0.353691 0.320858 0.0328331
0.0959789 0.0668644 0.0291145
0.363699 0.444318 0.0806191
0.301587 0.195345 0.106242
0.279284 0.421725 0.142441
0.565585 0.571657 0.00607163
0.257716 0.0543131 0.203403
0.665555 0.712004 0.0464491
0.273335 0.293701 0.0203669
0.469378 0.667732 0.198353
0.517382 0.663396 0.146013
0.260993 0.134642 0.126352
0.261494 0.162939 0.0985552
0.218384 0.078503 0.139882
0.524875 0.536969 0.0120946
0.281625 0.361479 0.0798533
0.444194 0.343222 0.100972
0.272005 0.361479 0.0894733
0.694552 1 0.305448
0.185468 0.225924 0.0404561
0.158942 0.0880876 0.0708544
0.490681 0.474441 0.0162397
0.353012 0.257645 0.095367
0.395345 0.198311 0.197034
0.615102 0.509813 0.105289
0.352068 0.178686 0.173383
0.319741 0.0351438 0.284598
0.439522 0.164765 0.274757
0.255353 0.201278 0.0540748
0.394132 0.253765 0.140367
0.434875 0.489959 0.0550838
0.351746 0.256732 0.0950136
0.42023 0.30283 0.1174
0.434154 0.159973 0.274182
0.445022 0.28366 0.161361
0.330747 0.267686 0.0630608
0.504874 0.525331 0.0204574
0.442101 0.505477 0.0633761
0.506372 0.341168 0.165204
0.451813 0.483797 0.0319847
0.657583 0.53811 0.119472
0.271065 0.199224 0.0718413
0.561939 0.597216 0.0352764
0.311489 0.304884 0.00660521
0.675012 0.714057 0.0390453
0.606648 0.609995 0.0033474
0.636497 0.661114 0.0246165
0.627982 0.578047 0.0499352
0.287823 0.262665 0.0251574
0.613339 0.605659 0.00767982
0.31257 0.168873 0.143697
0.55548 0.682793 0.127313
0.676302 0.584436 0.0918657
0.550044 0.509813 0.040231
0.58916 0.645139 0.0559792
