0.342464 0.196257 0.146207
0.342988 0.0554541 0.287534
0.342107 0.494067 0.15196
0.344962 0.403241 0.0582786
0.343197 0.355317 0.0121197
0.343367 0.200137 0.14323
0.344822 0.182565 0.162257
0.343859 0.0773619 0.266498
0.344953 0.0947056 0.250248
0.343665 0.392058 0.0483934
0.345145 0.400046 0.0549009
0.344714 0.421725 0.0770111
0.344297 0.281607 0.0626903
0.345142 0.293701 0.0514403
0.34389 0.353263 0.00937355
0.34497 0.263806 0.0811634
0.341327 0.272707 0.0686206
0.341929 0.319945 0.0219836
0.342106 0.235737 0.106369
0.342245 0 0.342245
0.341339 0.0958466 0.245493
0.342386 0.438156 0.0957696
0.34242 0.116157 0.226263
0.344252 0.188498 0.155754
0.342717 0.0467823 0.295935
0.342808 0.185532 0.157276
0.345797 0.403241 0.0574432
0.346523 0.653811 0.307288
0.344524 0.830214 0.48569
0.344752 0.469192 0.12444
0.34527 0.565495 0.220225
0.344396 0.667732 0.323336
0.345472 0.636467 0.290995
0.345305 0.647193 0.301888
0.340193 0.09288 0.247313
0.342967 0.233911 0.109056
0.34123 0.162939 0.178291
0.342019 0.238932 0.103087
0.341428 0.225924 0.115504
0.340926 0.00753081 0.333395
0.342065 0.149247 0.192818
0.341207 0.0677773 0.27343
0.341806 0.0997261 0.24208
0.343417 0.0602465 0.283171
0.344751 0.432907 0.0881566
0.344448 0.380648 0.0362003
0.34555 0.554769 0.209219
0.344506 0.635555 0.291048
0.344455 0.477408 0.132952
0.345797 0.51278 0.166982
0.343909 0.596075 0.252166
0.34458 0.616385 0.271805
0.344476 0.505477 0.161001
0.345503 0.65267 0.307167
0.345006 0.600411 0.255405
0.342532 0.406207 0.0636756
0.343075 0.230945 0.11213
0.343222 0.0611593 0.282063
0.342478 0.211091 0.131388
0.343562 0.468051 0.124489
0.343125 0.117983 0.225142
0.343004 0.110224 0.23278
0.341284 0.22387 0.117414
0.342457 0.184391 0.158066
0.342684 0.237791 0.104893
0.343625 0.116157 0.227468
0.343817 0.422638 0.0788208
0.343831 0.407348 0.0635176
0.344056 0.344135 7.86781e-05
0.343718 0.63236 0.288642
0.343157 0.527613 0.184456
0.344769 0.336148 0.00862095
0.343843 0.255819 0.0880242
0.343597 0.444318 0.100721
0.343716 0.106344 0.237371
0.343658 0.237791 0.105867
0.34335 0.384756 0.0414054
0.343977 0.330899 0.013078
0.343182 0.111365 0.231817
0.344515 0.483797 0.139282
0.343726 0.120949 0.222777
0.343909 0.135555 0.208355
0.343663 0.174578 0.169085
0.342866 0.321999 0.0208667
0.344794 0.421725 0.076931
0.344547 0.399133 0.0545862
0.343047 0.380648 0.0376011
0.343435 0.374715 0.0312801
0.344682 0.425833 0.0811508
0.343447 0.49612 0.152673
0.342865 0.325879 0.0169861
0.344191 0.357371 0.0131803
0.345002 0.335007 0.00999498
0.344685 0.310817 0.0338675
0.342815 0.405294 0.062479
0.343613 0.366499 0.0228864
0.34428 0.555911 0.21163
0.344678 0.419671 0.0749937
0.342978 0.402099 0.0591213
0.343572 0.525331 0.181759
0.342443 0.296668 0.0457753
0.343408 0.375628 0.0322191
0.344372 0.23277 0.111602
0.344501 0.504564 0.160063
0.343939 0.329073 0.0148658
0.345069 0.552716 0.207647
0.344327 0.494067 0.14974
0.343494 0.251712 0.0917827
0.342824 0.280694 0.0621304
0.343634 0.229804 0.11383
0.343736 0.31675 0.0269857
0.343841 0.536969 0.193129
0.3428 0.313784 0.0290159
0.344235 0.390005 0.0457691
0.343193 0.255819 0.0873736
0.342868 0.329073 0.0137948
0.343285 0.434048 0.0907632
0.344222 0.454587 0.110365
0.343258 0.510726 0.167468
0.343464 0.472387 0.128923
0.343785 0.535828 0.192044
0.343045 0.414423 0.0713775
0.34426 0.587631 0.243371
0.343001 0.424692 0.0816911
0.345584 0.382702 0.0371182
0.343408 0.485851 0.142443
0.343434 0.332953 0.0104811
0.343401 0.447513 0.104111
0.342119 0.130762 0.211357
0.343433 0.151073 0.19236
0.342539 0.239845 0.102694
0.345216 0.354176 0.0089604
0.344815 0.590826 0.246012
0.34107 0.0362848 0.304785
0.345465 0.492013 0.146548
0.342175 0.129621 0.212554
0.346237 0.362392 0.0161546
0.341501 0.147193 0.194308
0.342768 0.293701 0.0490666
0.344368 0.395025 0.0506575
0.342776 0.309904 0.0328719
0.344891 0.628024 0.283133
0.34353 0.144226 0.199304
0.341867 0.200137 0.14173
0.343324 0.4288 0.0854758
0.341528 0.130762 0.210766
0.344257 0.250799 0.0934587
0.344262 0.214058 0.130205
0.341536 0.259699 0.0818376
0.345109 0.540164 0.195056
0.345498 0.355317 0.00981939
0.34275 0.41351 0.07076
0.345856 0.379735 0.0338795
0.345776 0.743496 0.39772
0.343667 0.293701 0.049965
0.343326 0.383843 0.0405165
0.343488 0.300776 0.042712
0.345172 0.494067 0.148894
0.341991 0.142401 0.199591
0.342579 0.21497 0.127608
0.344431 0.4288 0.0843681
0.346378 0.300776 0.0456018
0.345425 0.522364 0.17694
0.342427 0.179598 0.162829
0.34275 0.191465 0.151285
0.343349 0.31675 0.0265985
0.343691 0.112277 0.231413
0.346057 0.453674 0.107617
0.344938 0.380648 0.0357106
0.345377 0.384756 0.039379
0.344299 0.4733 0.129001
0.342319 0.176632 0.165687
0.346443 0.787312 0.440869
0.344609 0.279781 0.0648282
0.345355 0.478549 0.133194
0.343041 0.436102 0.0930612
0.344148 0.497261 0.153113
0.343029 0.417617 0.0745888
0.343193 0.320858 0.0223352
0.343446 0.0668644 0.276582
0.343866 0.444318 0.100452
0.343827 0.195345 0.148482
0.342235 0.421725 0.0794905
0.344469 0.571657 0.227188
0.344105 0.0543131 0.289792
0.345317 0.712004 0.366686
0.344829 0.293701 0.0511271
0.343713 0.667732 0.324019
0.345031 0.663396 0.318364
0.342778 0.134642 0.208136
0.342505 0.162939 0.179566
0.342277 0.078503 0.263774
0.34554 0.536969 0.19143
0.343487 0.361479 0.0179913
0.344761 0.343222 0.00153831
0.343081 0.361479 0.0183981
0.345268 1 0.654732
0.342483 0.225924 0.116559
0.342674 0.0880876 0.254586
0.345034 0.474441 0.129406
0.34256 0.257645 0.0849152
0.343877 0.198311 0.145566
0.346479 0.509813 0.163334
0.343257 0.178686 0.164572
0.342268 0.0351438 0.307124
0.344514 0.164765 0.179749
0.340375 0.201278 0.139098
0.343918 0.253765 0.0901522
0.344991 0.489959 0.144968
0.344189 0.256732 0.087457
0.343917 0.30283 0.0410877
0.342556 0.159973 0.182584
0.344328 0.28366 0.0606679
0.343927 0.267686 0.0762412
0.34258 0.525331 0.182751
0.343527 0.505477 0.16195
0.343492 0.341168 0.00232396
0.344765 0.483797 0.139032
0.345636 0.53811 0.192475
0.343649 0.199224 0.144425
0.345093 0.597216 0.252123
0.341496 0.304884 0.0366122
0.345798 0.714057 0.36826
0.346172 0.609995 0.263824
0.346419 0.661114 0.314695
0.34501 0.578047 0.233036
0.34315 0.262665 0.080485
0.346237 0.605659 0.259422
0.341801 0.168873 0.172928
0.345457 0.682793 0.337337
0.344393 0.584436 0.240043
0.344745 0.509813 0.165068
0.34579 0.645139 0.299349
