0.265595 0.196257 0.0693377
0.118865 0.0554541 0.0634107
0.339792 0.494067 0.154275
0.287431 0.403241 0.115809
0.330421 0.355317 0.0248961
0.230801 0.200137 0.030664
0.12672 0.182565 0.0558446
0.128275 0.0773619 0.0509132
0.20354 0.0947056 0.108834
0.343312 0.392058 0.0487462
0.47487 0.400046 0.0748244
0.463816 0.421725 0.0420904
0.320021 0.281607 0.0384148
0.443269 0.293701 0.149568
0.419496 0.353263 0.0662324
0.414012 0.263806 0.150205
0.13378 0.272707 0.138927
0.151319 0.319945 0.168626
0.116009 0.235737 0.119728
0.109992 0 0.109992
0.133231 0.0958466 0.0373848
0.336364 0.438156 0.101792
0.200411 0.116157 0.0842539
0.229878 0.188498 0.0413799
0.149724 0.0467823 0.102942
0.092949 0.185532 0.0925827
0.481868 0.403241 0.0786273
0.624731 0.653811 0.0290798
0.693351 0.830214 0.136864
0.493666 0.469192 0.024474
0.454676 0.565495 0.110819
0.700281 0.667732 0.032549
0.647615 0.636467 0.0111474
0.52763 0.647193 0.119563
0.167197 0.09288 0.0743166
0.155361 0.233911 0.0785507
0.121493 0.162939 0.0414466
0.133144 0.238932 0.105788
0.332774 0.225924 0.10685
0.0862138 0.00753081 0.078683
0.257841 0.149247 0.108594
0.15309 0.0677773 0.0853128
0.253113 0.0997261 0.153387
0.126787 0.0602465 0.0665408
0.491993 0.432907 0.0590853
0.520801 0.380648 0.140153
0.567967 0.554769 0.0131977
0.608512 0.635555 0.0270424
0.553177 0.477408 0.0757694
0.535478 0.51278 0.0226989
0.499507 0.596075 0.0965683
0.568085 0.616385 0.0483004
0.559481 0.505477 0.0540037
0.588708 0.65267 0.063962
0.523319 0.600411 0.0770916
0.272972 0.406207 0.133235
0.282617 0.230945 0.0516719
0.123073 0.0611593 0.061914
0.257574 0.211091 0.0464828
0.384835 0.468051 0.0832162
0.198154 0.117983 0.0801713
0.175022 0.110224 0.0647984
0.205058 0.22387 0.0188123
0.344133 0.184391 0.159743
0.22093 0.237791 0.0168611
0.140421 0.116157 0.0242641
0.425813 0.422638 0.00317544
0.472725 0.407348 0.0653771
0.517809 0.344135 0.173674
0.463472 0.63236 0.168887
0.356566 0.527613 0.171047
0.469694 0.336148 0.133546
0.35961 0.255819 0.103791
0.482856 0.444318 0.038538
0.222892 0.106344 0.116548
0.255915 0.237791 0.0181245
0.445514 0.384756 0.060758
0.34787 0.330899 0.0169705
0.192891 0.111365 0.0815261
0.44333 0.483797 0.0404674
0.265375 0.120949 0.144426
0.309968 0.135555 0.174413
0.319471 0.174578 0.144893
0.338201 0.321999 0.0162024
0.391561 0.421725 0.0301642
0.385511 0.399133 0.0136219
0.40424 0.380648 0.0235916
0.321464 0.374715 0.0532508
0.341376 0.425833 0.0844568
0.50104 0.49612 0.00491968
0.338215 0.325879 0.0123363
0.526651 0.357371 0.16928
0.460144 0.335007 0.125137
0.22224 0.310817 0.0885768
0.413122 0.405294 0.00782785
0.365367 0.366499 0.00113264
0.61415 0.555911 0.0582393
0.399656 0.419671 0.0200153
0.368987 0.402099 0.0331122
0.398619 0.525331 0.126712
0.315679 0.296668 0.0190111
0.316707 0.375628 0.0589201
0.253896 0.23277 0.0211259
0.304171 0.504564 0.200393
0.248848 0.329073 0.0802258
0.410436 0.552716 0.142279
0.428032 0.494067 0.0660349
0.235761 0.251712 0.015951
0.326171 0.280694 0.0454775
0.300505 0.229804 0.0707011
0.423911 0.31675 0.107161
0.42821 0.536969 0.10876
0.142507 0.313784 0.171276
0.36482 0.390005 0.0251848
0.267239 0.255819 0.0114198
0.372748 0.329073 0.0436747
0.377334 0.434048 0.0567145
0.500989 0.454587 0.0464017
0.434687 0.510726 0.076039
0.293557 0.472387 0.17883
0.550025 0.535828 0.0141964
0.291614 0.414423 0.122809
0.486993 0.587631 0.100638
0.333996 0.424692 0.0906956
0.545557 0.382702 0.162855
0.408012 0.485851 0.0778387
0.421495 0.332953 0.0885415
0.399556 0.447513 0.0479562
0.0709407 0.130762 0.0598215
0.119155 0.151073 0.0319172
0.172534 0.239845 0.067311
0.400204 0.354176 0.046028
0.4741 0.590826 0.116726
0.0839424 0.0362848 0.0476576
0.536922 0.492013 0.0449089
0.122047 0.129621 0.00757393
0.418577 0.362392 0.056185
0.0537158 0.147193 0.0934773
0.289283 0.293701 0.00441897
0.39953 0.395025 0.00450444
0.141397 0.309904 0.168507
0.560127 0.628024 0.0678966
0.2678 0.144226 0.123573
0.186615 0.200137 0.0135219
0.362287 0.4288 0.0665128
0.190355 0.130762 0.059593
0.33646 0.250799 0.0856613
0.283397 0.214058 0.0693399
0.246524 0.259699 0.013175
0.548477 0.540164 0.00831258
0.347606 0.355317 0.00771135
0.364572 0.41351 0.0489381
0.374126 0.379735 0.00560918
0.679948 0.743496 0.0635485
0.382593 0.293701 0.0888916
0.319712 0.383843 0.0641307
0.297077 0.300776 0.00369883
0.444883 0.494067 0.0491836
0.186804 0.142401 0.0444031
0.273093 0.21497 0.0581229
0.407381 0.4288 0.0214188
0.460403 0.300776 0.159627
0.491536 0.522364 0.0308283
0.300261 0.179598 0.120663
0.291824 0.191465 0.100359
0.322172 0.31675 0.00542215
0.141327 0.112277 0.0290499
0.563913 0.453674 0.110239
0.451389 0.380648 0.0707409
0.448951 0.384756 0.0641956
0.526223 0.4733 0.0529235
0.165783 0.176632 0.0108483
0.586751 0.787312 0.200561
0.359332 0.279781 0.079551
0.525715 0.478549 0.0471665
0.274121 0.436102 0.161981
0.459892 0.497261 0.0373693
0.3129 0.417617 0.104717
0.357164 0.320858 0.0363062
0.0784706 0.0668644 0.0116062
0.36211 0.444318 0.0822079
0.30271 0.195345 0.107365
0.283229 0.421725 0.138497
0.562466 0.571657 0.00919074
0.264691 0.0543131 0.210378
0.678821 0.712004 0.0331823
0.273706 0.293701 0.0199951
0.463975 0.667732 0.203756
0.514911 0.663396 0.148485
0.264656 0.134642 0.130014
0.260595 0.162939 0.0976556
0.219554 0.078503 0.141051
0.524392 0.536969 0.0125778
0.282118 0.361479 0.0793608
0.435428 0.343222 0.0922061
0.272301 0.361479 0.0891775
0.721785 1 0.278215
0.184938 0.225924 0.0409861
0.147325 0.0880876 0.0592372
0.487531 0.474441 0.0130904
0.348972 0.257645 0.0913272
0.396677 0.198311 0.198366
0.61373 0.509813 0.103918
0.34047 0.178686 0.161785
0.318738 0.0351438 0.283594
0.435841 0.164765 0.271076
0.252361 0.201278 0.0510829
0.390594 0.253765 0.136829
0.431641 0.489959 0.0583174
0.3542 0.256732 0.0974676
0.413378 0.30283 0.110548
0.429297 0.159973 0.269324
0.439995 0.28366 0.156334
0.32833 0.267686 0.0606441
0.493736 0.525331 0.0315947
0.434588 0.505477 0.0708885
0.493672 0.341168 0.152504
0.442669 0.483797 0.0411279
0.666055 0.53811 0.127945
0.268343 0.199224 0.0691191
0.551046 0.597216 0.0461701
0.309365 0.304884 0.00448149
0.689563 0.714057 0.0244941
0.600821 0.609995 0.00917435
0.636071 0.661114 0.0250428
0.626477 0.578047 0.0484306
0.282892 0.262665 0.0202267
0.610462 0.605659 0.00480235
0.302727 0.168873 0.133855
0.543644 0.682793 0.13915
0.691349 0.584436 0.106913
0.535472 0.509813 0.0256593
0.578663 0.645139 0.0664762
