0.258786 0.196257 0.0625282
0.13514 0.0554541 0.0796858
0.335856 0.494067 0.158211
0.281594 0.403241 0.121647
0.326431 0.355317 0.0288863
0.231079 0.200137 0.0309418
0.14091 0.182565 0.041655
0.142807 0.0773619 0.0654452
0.204055 0.0947056 0.10935
0.34105 0.392058 0.0510082
0.475362 0.400046 0.0753164
0.464269 0.421725 0.042544
0.314194 0.281607 0.0325875
0.442545 0.293701 0.148844
0.422118 0.353263 0.0688549
0.41866 0.263806 0.154853
0.146711 0.272707 0.125996
0.159439 0.319945 0.160506
0.131602 0.235737 0.104135
0.126999 0 0.126999
0.145947 0.0958466 0.0501008
0.33716 0.438156 0.100996
0.206223 0.116157 0.0900658
0.236043 0.188498 0.047545
0.161499 0.0467823 0.114717
0.115624 0.185532 0.0699079
0.484778 0.403241 0.0815379
0.640684 0.653811 0.0131272
0.711114 0.830214 0.1191
0.498339 0.469192 0.0291469
0.462668 0.565495 0.102827
0.712221 0.667732 0.0444891
0.663715 0.636467 0.0272479
0.535308 0.647193 0.111885
0.173707 0.09288 0.0808271
0.167489 0.233911 0.0664224
0.13756 0.162939 0.0253795
0.146312 0.238932 0.0926201
0.327914 0.225924 0.101989
0.10979 0.00753081 0.102259
0.259114 0.149247 0.109867
0.164013 0.0677773 0.0962357
0.252813 0.0997261 0.153087
0.138159 0.0602465 0.0779127
0.497577 0.432907 0.0646694
0.530762 0.380648 0.150113
0.582098 0.554769 0.027329
0.625822 0.635555 0.00973213
0.565641 0.477408 0.0882332
0.546941 0.51278 0.0341615
0.506657 0.596075 0.0894181
0.581403 0.616385 0.0349819
0.572483 0.505477 0.0670058
0.602953 0.65267 0.0497175
0.534553 0.600411 0.0658575
0.270957 0.406207 0.135251
0.280912 0.230945 0.0499676
0.138884 0.0611593 0.0777249
0.259596 0.211091 0.0485048
0.385495 0.468051 0.0825562
0.204954 0.117983 0.0869713
0.18486 0.110224 0.0746366
0.206447 0.22387 0.0174234
0.344705 0.184391 0.160314
0.225298 0.237791 0.0124926
0.154373 0.116157 0.0382163
0.432288 0.422638 0.00964966
0.483393 0.407348 0.0760447
0.531656 0.344135 0.187521
0.473936 0.63236 0.158424
0.361707 0.527613 0.165906
0.475548 0.336148 0.1394
0.362226 0.255819 0.106407
0.493741 0.444318 0.0494238
0.22715 0.106344 0.120806
0.25721 0.237791 0.0194188
0.451022 0.384756 0.0662659
0.348441 0.330899 0.0175421
0.199268 0.111365 0.0879029
0.446537 0.483797 0.03726
0.2663 0.120949 0.14535
0.3058 0.135555 0.170245
0.320841 0.174578 0.146263
0.333077 0.321999 0.0110779
0.391654 0.421725 0.030071
0.386794 0.399133 0.0123391
0.407152 0.380648 0.0265036
0.317574 0.374715 0.0571404
0.344341 0.425833 0.081492
0.512482 0.49612 0.0163611
0.328922 0.325879 0.00304347
0.537423 0.357371 0.180052
0.466934 0.335007 0.131927
0.226773 0.310817 0.0840441
0.411185 0.405294 0.00589019
0.360896 0.366499 0.00560302
0.629756 0.555911 0.0738453
0.399765 0.419671 0.0199067
0.365453 0.402099 0.0366468
0.39866 0.525331 0.126671
0.312621 0.296668 0.0159532
0.314528 0.375628 0.0610997
0.254986 0.23277 0.0222155
0.298698 0.504564 0.205866
0.24942 0.329073 0.0796533
0.412775 0.552716 0.139941
0.428211 0.494067 0.0658559
0.235338 0.251712 0.0163734
0.324465 0.280694 0.0437716
0.297415 0.229804 0.0676116
0.42321 0.31675 0.10646
0.426594 0.536969 0.110375
0.153781 0.313784 0.160002
0.361688 0.390005 0.0283167
0.26649 0.255819 0.0106706
0.372492 0.329073 0.0434188
0.372615 0.434048 0.0614339
0.506959 0.454587 0.052372
0.435242 0.510726 0.0754835
0.289027 0.472387 0.18336
0.562354 0.535828 0.0265259
0.284664 0.414423 0.129759
0.489031 0.587631 0.0986004
0.328621 0.424692 0.0960706
0.555744 0.382702 0.173042
0.406687 0.485851 0.0791646
0.420615 0.332953 0.0876617
0.403497 0.447513 0.0440152
0.0972044 0.130762 0.0335578
0.135109 0.151073 0.015964
0.175639 0.239845 0.0642063
0.394762 0.354176 0.0405857
0.480585 0.590826 0.110241
0.109508 0.0362848 0.0732236
0.546884 0.492013 0.054871
0.13564 0.129621 0.00601861
0.413215 0.362392 0.0508235
0.0846848 0.147193 0.0625083
0.285275 0.293701 0.00842628
0.396092 0.395025 0.00106654
0.150356 0.309904 0.159548
0.569374 0.628024 0.0586502
0.266028 0.144226 0.121801
0.190999 0.200137 0.00913835
0.360644 0.4288 0.0681554
0.19472 0.130762 0.0639578
0.336132 0.250799 0.0853337
0.282821 0.214058 0.0687631
0.243936 0.259699 0.0157631
0.558315 0.540164 0.0181506
0.341814 0.355317 0.0135029
0.363969 0.41351 0.0495408
0.370274 0.379735 0.00946128
0.695083 0.743496 0.0484136
0.378662 0.293701 0.0849603
0.317359 0.383843 0.0664838
0.293466 0.300776 0.00730976
0.453162 0.494067 0.0409049
0.192076 0.142401 0.0496751
0.268127 0.21497 0.0531569
0.405176 0.4288 0.0236231
0.460948 0.300776 0.160173
0.496871 0.522364 0.0254931
0.295649 0.179598 0.116051
0.286574 0.191465 0.0951093
0.319335 0.31675 0.00258479
0.152008 0.112277 0.0397304
0.577039 0.453674 0.123364
0.450512 0.380648 0.0698641
0.450835 0.384756 0.0660789
0.534611 0.4733 0.0613109
0.173627 0.176632 0.00300455
0.599667 0.787312 0.187644
0.359714 0.279781 0.0799332
0.533744 0.478549 0.0551959
0.268397 0.436102 0.167705
0.464384 0.497261 0.0328776
0.31081 0.417617 0.106807
0.352995 0.320858 0.0321374
0.104646 0.0668644 0.0377816
0.359322 0.444318 0.0849952
0.302404 0.195345 0.10706
0.281546 0.421725 0.140179
0.576288 0.571657 0.0046314
0.264969 0.0543131 0.210656
0.694832 0.712004 0.0171717
0.271466 0.293701 0.0222355
0.468687 0.667732 0.199044
0.52038 0.663396 0.143016
0.263354 0.134642 0.128713
0.257831 0.162939 0.0948912
0.220096 0.078503 0.141593
0.535835 0.536969 0.0011341
0.285144 0.361479 0.0763346
0.439789 0.343222 0.0965664
0.273482 0.361479 0.087997
0.735718 1 0.264282
0.191267 0.225924 0.0346573
0.162042 0.0880876 0.073954
0.49449 0.474441 0.0200492
0.350024 0.257645 0.0923787
0.4029 0.198311 0.204588
0.629995 0.509813 0.120182
0.340527 0.178686 0.161842
0.317792 0.0351438 0.282648
0.442309 0.164765 0.277544
0.253902 0.201278 0.0526245
0.390612 0.253765 0.136846
0.435341 0.489959 0.0546175
0.354195 0.256732 0.0974632
0.414748 0.30283 0.111918
0.430718 0.159973 0.270745
0.447303 0.28366 0.163642
0.32886 0.267686 0.0611735
0.503056 0.525331 0.0222744
0.440677 0.505477 0.0647997
0.5051 0.341168 0.163932
0.449322 0.483797 0.034475
0.683782 0.53811 0.145671
0.271703 0.199224 0.0724791
0.564148 0.597216 0.0330674
0.310338 0.304884 0.00545394
0.706297 0.714057 0.00775999
0.618199 0.609995 0.00820309
0.653801 0.661114 0.00731224
0.647062 0.578047 0.0690151
0.286757 0.262665 0.0240919
0.626257 0.605659 0.0205977
0.306051 0.168873 0.137179
0.55821 0.682793 0.124584
0.708498 0.584436 0.124061
0.549865 0.509813 0.040052
0.597621 0.645139 0.0475183
