0.251918 0.196257 0.0556608
0.135369 0.0554541 0.079915
0.345688 0.494067 0.148378
0.271708 0.403241 0.131532
0.323226 0.355317 0.032091
0.221131 0.200137 0.020994
0.140992 0.182565 0.0415729
0.139979 0.0773619 0.0626169
0.18564 0.0947056 0.0909341
0.335149 0.392058 0.0569092
0.481469 0.400046 0.0814231
0.466821 0.421725 0.0450955
0.301326 0.281607 0.0197199
0.444052 0.293701 0.15035
0.425673 0.353263 0.07241
0.427222 0.263806 0.163415
0.144446 0.272707 0.12826
0.155963 0.319945 0.163982
0.131674 0.235737 0.104063
0.129624 0 0.129624
0.14544 0.0958466 0.0495938
0.336511 0.438156 0.101645
0.191917 0.116157 0.0757596
0.232814 0.188498 0.0443153
0.155939 0.0467823 0.109156
0.122018 0.185532 0.0635135
0.493583 0.403241 0.0903429
0.609921 0.653811 0.04389
0.647049 0.830214 0.183165
0.501449 0.469192 0.0322569
0.47615 0.565495 0.089345
0.655519 0.667732 0.0122128
0.622219 0.636467 0.0142484
0.534701 0.647193 0.112492
0.169156 0.09288 0.0762759
0.157779 0.233911 0.0761327
0.137452 0.162939 0.0254875
0.144943 0.238932 0.0939893
0.325295 0.225924 0.0993707
0.119488 0.00753081 0.111957
0.255621 0.149247 0.106375
0.159173 0.0677773 0.091396
0.245346 0.0997261 0.145619
0.132197 0.0602465 0.0719508
0.497689 0.432907 0.0647818
0.534074 0.380648 0.153426
0.568295 0.554769 0.013526
0.600478 0.635555 0.0350765
0.55923 0.477408 0.0818226
0.541827 0.51278 0.0290473
0.507266 0.596075 0.0888084
0.57095 0.616385 0.0454355
0.565609 0.505477 0.0601315
0.587548 0.65267 0.0651225
0.535464 0.600411 0.0649471
0.261193 0.406207 0.145014
0.26349 0.230945 0.0325452
0.138374 0.0611593 0.0772146
0.254834 0.211091 0.0437436
0.386346 0.468051 0.0817054
0.196151 0.117983 0.0781688
0.174676 0.110224 0.0644527
0.19979 0.22387 0.0240806
0.345408 0.184391 0.161018
0.217593 0.237791 0.020198
0.155914 0.116157 0.0397575
0.444098 0.422638 0.0214601
0.488386 0.407348 0.0810379
0.534052 0.344135 0.189916
0.488519 0.63236 0.14384
0.368641 0.527613 0.158972
0.478459 0.336148 0.142311
0.362181 0.255819 0.106362
0.504946 0.444318 0.0606282
0.214552 0.106344 0.108207
0.250316 0.237791 0.0125253
0.46146 0.384756 0.0767039
0.354409 0.330899 0.0235099
0.190006 0.111365 0.0786417
0.4553 0.483797 0.0284977
0.258543 0.120949 0.137594
0.299556 0.135555 0.164002
0.323939 0.174578 0.149361
0.334887 0.321999 0.0128876
0.386379 0.421725 0.0353461
0.387945 0.399133 0.0111878
0.414415 0.380648 0.0337671
0.313264 0.374715 0.061451
0.347675 0.425833 0.0781576
0.514025 0.49612 0.0179041
0.336603 0.325879 0.0107249
0.537092 0.357371 0.179721
0.470055 0.335007 0.135049
0.207259 0.310817 0.103558
0.414536 0.405294 0.00924149
0.361143 0.366499 0.00535619
0.602534 0.555911 0.0466233
0.400671 0.419671 0.0190007
0.364267 0.402099 0.0378326
0.399693 0.525331 0.125638
0.309021 0.296668 0.0123533
0.310469 0.375628 0.0651589
0.246398 0.23277 0.0136272
0.293889 0.504564 0.210675
0.240309 0.329073 0.0887642
0.417879 0.552716 0.134837
0.442716 0.494067 0.0513502
0.220603 0.251712 0.0311082
0.323756 0.280694 0.043062
0.289698 0.229804 0.0598944
0.419646 0.31675 0.102896
0.431742 0.536969 0.105228
0.147599 0.313784 0.166185
0.357237 0.390005 0.0327672
0.256955 0.255819 0.00113609
0.381428 0.329073 0.0523548
0.378232 0.434048 0.0558161
0.505673 0.454587 0.0510864
0.437839 0.510726 0.0728872
0.278644 0.472387 0.193743
0.557487 0.535828 0.0216588
0.27401 0.414423 0.140413
0.491012 0.587631 0.0966191
0.322599 0.424692 0.102093
0.551194 0.382702 0.168492
0.416149 0.485851 0.0697019
0.42569 0.332953 0.0927369
0.406302 0.447513 0.041211
0.108514 0.130762 0.0222481
0.131173 0.151073 0.0198997
0.164878 0.239845 0.0749667
0.400869 0.354176 0.0466924
0.487797 0.590826 0.103029
0.117026 0.0362848 0.0807407
0.546147 0.492013 0.0541342
0.133316 0.129621 0.00369446
0.416877 0.362392 0.054485
0.102572 0.147193 0.0446215
0.286977 0.293701 0.00672421
0.401883 0.395025 0.00685769
0.143519 0.309904 0.166385
0.562561 0.628024 0.0654623
0.256674 0.144226 0.112448
0.185555 0.200137 0.0145815
0.364615 0.4288 0.0641847
0.185677 0.130762 0.0549148
0.337622 0.250799 0.0868233
0.273172 0.214058 0.0591142
0.235549 0.259699 0.0241498
0.555259 0.540164 0.0150945
0.339503 0.355317 0.0158143
0.364941 0.41351 0.0485687
0.378479 0.379735 0.00125641
0.639025 0.743496 0.104471
0.385757 0.293701 0.0920551
0.312936 0.383843 0.070907
0.283646 0.300776 0.0171303
0.45738 0.494067 0.036687
0.180971 0.142401 0.0385704
0.262317 0.21497 0.0473463
0.40993 0.4288 0.0188698
0.466475 0.300776 0.165699
0.49972 0.522364 0.0226446
0.290236 0.179598 0.110638
0.287148 0.191465 0.0956832
0.315257 0.31675 0.00149351
0.151414 0.112277 0.0391363
0.563284 0.453674 0.109609
0.453066 0.380648 0.0724179
0.456352 0.384756 0.0715959
0.53781 0.4733 0.06451
0.167865 0.176632 0.00876677
0.584278 0.787312 0.203033
0.361289 0.279781 0.0815084
0.537278 0.478549 0.0587298
0.257006 0.436102 0.179096
0.473529 0.497261 0.0237323
0.308554 0.417617 0.109063
0.351527 0.320858 0.0306686
0.114275 0.0668644 0.0474102
0.363855 0.444318 0.080463
0.297213 0.195345 0.101869
0.273281 0.421725 0.148445
0.562366 0.571657 0.00929123
0.249285 0.0543131 0.194972
0.639456 0.712004 0.0725479
0.259357 0.293701 0.0343449
0.478118 0.667732 0.189613
0.520535 0.663396 0.14286
0.251187 0.134642 0.116546
0.252325 0.162939 0.0893856
0.210037 0.078503 0.131534
0.526465 0.536969 0.0105045
0.280111 0.361479 0.0813676
0.453604 0.343222 0.110382
0.263897 0.361479 0.097582
0.65817 1 0.34183
0.178998 0.225924 0.046926
0.160706 0.0880876 0.0726179
0.492534 0.474441 0.0180932
0.355478 0.257645 0.0978332
0.404882 0.198311 0.206571
0.603991 0.509813 0.0941779
0.355534 0.178686 0.176849
0.315072 0.0351438 0.279929
0.444776 0.164765 0.280011
0.245032 0.201278 0.0437538
0.395321 0.253765 0.141556
0.439486 0.489959 0.0504726
0.345843 0.256732 0.0891107
0.426235 0.30283 0.123405
0.435709 0.159973 0.275737
0.451258 0.28366 0.167598
0.328175 0.267686 0.060489
0.50926 0.525331 0.0160706
0.449359 0.505477 0.0561177
0.512291 0.341168 0.171123
0.457909 0.483797 0.0258887
0.633869 0.53811 0.0957583
0.262595 0.199224 0.0633704
0.560205 0.597216 0.0370111
0.303127 0.304884 0.00175691
0.645739 0.714057 0.0683185
0.596191 0.609995 0.0138047
0.620031 0.661114 0.0410823
0.614198 0.578047 0.0361518
0.280432 0.262665 0.0177663
0.601892 0.605659 0.00376755
0.30835 0.168873 0.139477
0.554672 0.682793 0.128121
0.646287 0.584436 0.0618507
0.551795 0.509813 0.0419819
0.58486 0.645139 0.0602789
