0.258478 0.196257 0.0622209
0.130392 0.0554541 0.0749381
0.337643 0.494067 0.156424
0.276486 0.403241 0.126755
0.323936 0.355317 0.031381
0.225493 0.200137 0.025356
0.136858 0.182565 0.0457074
0.13649 0.0773619 0.059128
0.198247 0.0947056 0.103542
0.336031 0.392058 0.0560277
0.474053 0.400046 0.0740076
0.463916 0.421725 0.0421904
0.308041 0.281607 0.0264346
0.438984 0.293701 0.145282
0.414597 0.353263 0.0613339
0.412643 0.263806 0.148836
0.144804 0.272707 0.127902
0.159139 0.319945 0.160807
0.128957 0.235737 0.106781
0.123349 0 0.123349
0.144891 0.0958466 0.0490445
0.329078 0.438156 0.109078
0.19911 0.116157 0.0829534
0.228616 0.188498 0.0401175
0.15459 0.0467823 0.107808
0.112167 0.185532 0.0733649
0.488864 0.403241 0.0856237
0.627607 0.653811 0.0262036
0.678608 0.830214 0.151607
0.49939 0.469192 0.0301981
0.467925 0.565495 0.0975702
0.697077 0.667732 0.0293452
0.645191 0.636467 0.00872362
0.535138 0.647193 0.112055
0.175696 0.09288 0.0828158
0.160605 0.233911 0.0733064
0.13676 0.162939 0.0261789
0.144173 0.238932 0.0947594
0.327425 0.225924 0.101501
0.110833 0.00753081 0.103302
0.260377 0.149247 0.11113
0.162959 0.0677773 0.0951813
0.255113 0.0997261 0.155387
0.130915 0.0602465 0.0706686
0.497892 0.432907 0.0649844
0.534412 0.380648 0.153763
0.575387 0.554769 0.0206171
0.615942 0.635555 0.0196128
0.566136 0.477408 0.0887283
0.545722 0.51278 0.0329425
0.508188 0.596075 0.0878863
0.578124 0.616385 0.0382611
0.571221 0.505477 0.0657436
0.597868 0.65267 0.054802
0.533278 0.600411 0.0671325
0.27204 0.406207 0.134167
0.275731 0.230945 0.0447861
0.139134 0.0611593 0.0779745
0.260968 0.211091 0.0498769
0.386636 0.468051 0.0814154
0.204283 0.117983 0.0862999
0.180462 0.110224 0.0702387
0.214036 0.22387 0.00983427
0.350274 0.184391 0.165884
0.230132 0.237791 0.00765851
0.15946 0.116157 0.0433034
0.444173 0.422638 0.0215347
0.484563 0.407348 0.0772143
0.530081 0.344135 0.185946
0.481042 0.63236 0.151318
0.363823 0.527613 0.16379
0.477193 0.336148 0.141045
0.36669 0.255819 0.110871
0.499162 0.444318 0.0548444
0.224228 0.106344 0.117884
0.25745 0.237791 0.0196594
0.452984 0.384756 0.0682277
0.350924 0.330899 0.0200248
0.198815 0.111365 0.0874502
0.447676 0.483797 0.036121
0.264096 0.120949 0.143147
0.304757 0.135555 0.169202
0.325694 0.174578 0.151116
0.338786 0.321999 0.0167864
0.386897 0.421725 0.0348278
0.385616 0.399133 0.0135173
0.408912 0.380648 0.0282636
0.317612 0.374715 0.0571028
0.344428 0.425833 0.081405
0.508484 0.49612 0.0123638
0.342111 0.325879 0.0162324
0.534916 0.357371 0.177545
0.463245 0.335007 0.128238
0.212985 0.310817 0.0978325
0.412479 0.405294 0.00718486
0.36479 0.366499 0.0017091
0.614707 0.555911 0.058796
0.39746 0.419671 0.0222118
0.364404 0.402099 0.0376951
0.397726 0.525331 0.127605
0.314055 0.296668 0.0173867
0.316346 0.375628 0.0592818
0.254681 0.23277 0.0219109
0.299132 0.504564 0.205432
0.249935 0.329073 0.0791384
0.413744 0.552716 0.138971
0.431982 0.494067 0.062085
0.229329 0.251712 0.0223827
0.327105 0.280694 0.0464111
0.30044 0.229804 0.0706367
0.419567 0.31675 0.102816
0.429999 0.536969 0.106971
0.150991 0.313784 0.162793
0.359325 0.390005 0.0306791
0.264654 0.255819 0.00883475
0.379872 0.329073 0.0507984
0.376411 0.434048 0.0576378
0.505405 0.454587 0.0508181
0.435719 0.510726 0.075007
0.286183 0.472387 0.186204
0.558632 0.535828 0.0228041
0.286009 0.414423 0.128413
0.487715 0.587631 0.0999163
0.326639 0.424692 0.0980531
0.551863 0.382702 0.169161
0.408151 0.485851 0.0777002
0.421478 0.332953 0.0885246
0.40279 0.447513 0.0447229
0.0910619 0.130762 0.0397003
0.125116 0.151073 0.025957
0.168994 0.239845 0.0708506
0.394075 0.354176 0.0398985
0.478348 0.590826 0.112478
0.101337 0.0362848 0.0650523
0.542636 0.492013 0.0506231
0.13094 0.129621 0.00131913
0.416521 0.362392 0.0541295
0.0783812 0.147193 0.0688119
0.286656 0.293701 0.00704578
0.395448 0.395025 0.000423044
0.144228 0.309904 0.165676
0.566844 0.628024 0.0611795
0.261705 0.144226 0.117479
0.184652 0.200137 0.0154851
0.357937 0.4288 0.0708621
0.190018 0.130762 0.0592559
0.333042 0.250799 0.0822433
0.280462 0.214058 0.0664045
0.240653 0.259699 0.0190457
0.555745 0.540164 0.015581
0.342998 0.355317 0.0123197
0.363674 0.41351 0.0498358
0.376952 0.379735 0.00278357
0.669687 0.743496 0.0738093
0.37945 0.293701 0.0857481
0.314888 0.383843 0.0689552
0.289645 0.300776 0.0111313
0.454768 0.494067 0.0392981
0.186769 0.142401 0.0443684
0.270351 0.21497 0.0553803
0.407086 0.4288 0.0217139
0.464105 0.300776 0.163329
0.495643 0.522364 0.0267214
0.294516 0.179598 0.114918
0.291826 0.191465 0.100361
0.312354 0.31675 0.00439659
0.151939 0.112277 0.0396618
0.568389 0.453674 0.114715
0.454807 0.380648 0.0741585
0.447471 0.384756 0.0627152
0.534737 0.4733 0.0614367
0.174893 0.176632 0.00173908
0.593058 0.787312 0.194254
0.359512 0.279781 0.0797306
0.535542 0.478549 0.0569935
0.266475 0.436102 0.169627
0.466231 0.497261 0.0310301
0.308107 0.417617 0.109511
0.352282 0.320858 0.0314241
0.0991286 0.0668644 0.0322641
0.363639 0.444318 0.0806783
0.301646 0.195345 0.106302
0.279471 0.421725 0.142254
0.568552 0.571657 0.00310475
0.25674 0.0543131 0.202427
0.669486 0.712004 0.0425178
0.277952 0.293701 0.0157493
0.469587 0.667732 0.198144
0.517664 0.663396 0.145732
0.262103 0.134642 0.127462
0.263502 0.162939 0.100563
0.220493 0.078503 0.14199
0.524494 0.536969 0.012475
0.28085 0.361479 0.0806284
0.444747 0.343222 0.101525
0.273218 0.361479 0.0882606
0.697839 1 0.302161
0.187898 0.225924 0.0380265
0.163155 0.0880876 0.0750675
0.491097 0.474441 0.0166565
0.353868 0.257645 0.096223
0.390243 0.198311 0.191932
0.619101 0.509813 0.109288
0.354218 0.178686 0.175532
0.320603 0.0351438 0.285459
0.439252 0.164765 0.274487
0.259489 0.201278 0.0582114
0.393798 0.253765 0.140033
0.4325 0.489959 0.0574584
0.350812 0.256732 0.0940796
0.420132 0.30283 0.117303
0.435281 0.159973 0.275309
0.444396 0.28366 0.160735
0.33064 0.267686 0.0629538
0.508367 0.525331 0.0169639
0.443015 0.505477 0.0624618
0.509834 0.341168 0.168665
0.452623 0.483797 0.0311746
0.661842 0.53811 0.123732
0.271394 0.199224 0.0721701
0.567025 0.597216 0.030191
0.313303 0.304884 0.00841889
0.678973 0.714057 0.0350841
0.611782 0.609995 0.00178689
0.64074 0.661114 0.0203738
0.63263 0.578047 0.0545831
0.289345 0.262665 0.0266795
0.616859 0.605659 0.0111994
0.315885 0.168873 0.147012
0.559632 0.682793 0.123161
0.680463 0.584436 0.0960269
0.553725 0.509813 0.0439119
0.593418 0.645139 0.051721
