0.343166 0.196257 0.146909
0.343287 0.0554541 0.287833
0.343092 0.494067 0.150975
0.343744 0.403241 0.059497
0.343333 0.355317 0.0119846
0.343372 0.200137 0.143235
0.343706 0.182565 0.161141
0.343484 0.0773619 0.266122
0.343742 0.0947056 0.249036
0.343437 0.392058 0.0486213
0.343784 0.400046 0.0562617
0.343678 0.421725 0.0780475
0.343579 0.281607 0.0619729
0.343785 0.293701 0.0500832
0.343488 0.353263 0.00977498
0.343743 0.263806 0.0799369
0.342926 0.272707 0.0702199
0.343053 0.319945 0.0231073
0.343091 0.235737 0.107354
0.343124 0 0.343124
0.342925 0.0958466 0.247078
0.34315 0.438156 0.0950057
0.343161 0.116157 0.227004
0.343574 0.188498 0.155076
0.343225 0.0467823 0.296443
0.343247 0.185532 0.157715
0.343943 0.403241 0.0592971
0.344133 0.653811 0.309678
0.343636 0.830214 0.486578
0.343689 0.469192 0.125503
0.343811 0.565495 0.221684
0.343578 0.667732 0.324153
0.343865 0.636467 0.292602
0.343823 0.647193 0.30337
0.342691 0.09288 0.249811
0.343282 0.233911 0.109371
0.342904 0.162939 0.179964
0.343073 0.238932 0.104141
0.342945 0.225924 0.117021
0.342838 0.00753081 0.335308
0.343086 0.149247 0.193839
0.342901 0.0677773 0.275124
0.343022 0.0997261 0.243296
0.343374 0.0602465 0.283127
0.343687 0.432907 0.0892204
0.343613 0.380648 0.0370352
0.343879 0.554769 0.210891
0.343631 0.635555 0.291923
0.343613 0.477408 0.133795
0.343943 0.51278 0.168836
0.343491 0.596075 0.252584
0.343648 0.616385 0.272737
0.343619 0.505477 0.161858
0.34387 0.65267 0.3088
0.343745 0.600411 0.256666
0.343182 0.406207 0.0630248
0.3433 0.230945 0.112355
0.343331 0.0611593 0.282172
0.343172 0.211091 0.132082
0.343411 0.468051 0.12464
0.34331 0.117983 0.225327
0.343288 0.110224 0.233065
0.342909 0.22387 0.119038
0.343162 0.184391 0.158771
0.343212 0.237791 0.105421
0.343423 0.116157 0.227266
0.343466 0.422638 0.0791719
0.343469 0.407348 0.0638792
0.343524 0.344135 0.000611246
0.343444 0.63236 0.288916
0.343316 0.527613 0.184297
0.343691 0.336148 0.00754339
0.34347 0.255819 0.0876506
0.343416 0.444318 0.100902
0.34345 0.106344 0.237106
0.343438 0.237791 0.105647
0.343367 0.384756 0.0413891
0.343506 0.330899 0.0126072
0.343326 0.111365 0.231962
0.343633 0.483797 0.140164
0.343454 0.120949 0.222504
0.343495 0.135555 0.207941
0.343431 0.174578 0.168853
0.343253 0.321999 0.0212537
0.343699 0.421725 0.0780258
0.343643 0.399133 0.05549
0.3433 0.380648 0.0373482
0.343385 0.374715 0.0313295
0.343675 0.425833 0.0821579
0.343387 0.49612 0.152733
0.343256 0.325879 0.0173776
0.343562 0.357371 0.0138094
0.343749 0.335007 0.00874195
0.343676 0.310817 0.032859
0.343246 0.405294 0.0620486
0.343421 0.366499 0.0230779
0.343578 0.555911 0.212333
0.343668 0.419671 0.0760032
0.343282 0.402099 0.058817
0.343415 0.525331 0.181916
0.343163 0.296668 0.0464951
0.34338 0.375628 0.0322473
0.343597 0.23277 0.110826
0.343632 0.504564 0.160933
0.3435 0.329073 0.0144268
0.343767 0.552716 0.208949
0.343588 0.494067 0.150479
0.343394 0.251712 0.0916821
0.343244 0.280694 0.0625501
0.343423 0.229804 0.113619
0.343449 0.31675 0.0266983
0.343474 0.536969 0.193495
0.343237 0.313784 0.0294529
0.343569 0.390005 0.0464357
0.343328 0.255819 0.0875089
0.34326 0.329073 0.0141863
0.343351 0.434048 0.0906977
0.343567 0.454587 0.11102
0.343338 0.510726 0.167387
0.343389 0.472387 0.128998
0.343465 0.535828 0.192364
0.343296 0.414423 0.0711269
0.343574 0.587631 0.244057
0.343288 0.424692 0.081404
0.343892 0.382702 0.0388096
0.343379 0.485851 0.142472
0.343383 0.332953 0.0104305
0.343374 0.447513 0.104139
0.343097 0.130762 0.212335
0.343391 0.151073 0.192319
0.343185 0.239845 0.10334
0.343803 0.354176 0.0103732
0.343706 0.590826 0.24712
0.342877 0.0362848 0.306592
0.343864 0.492013 0.148149
0.343106 0.129621 0.213484
0.344059 0.362392 0.0183322
0.342965 0.147193 0.195772
0.343233 0.293701 0.0495315
0.343602 0.395025 0.0514233
0.343241 0.309904 0.0333367
0.343723 0.628024 0.2843
0.343409 0.144226 0.199183
0.343042 0.200137 0.142906
0.343362 0.4288 0.0854371
0.342972 0.130762 0.212209
0.343577 0.250799 0.0927781
0.343573 0.214058 0.129516
0.342969 0.259699 0.0832706
0.343778 0.540164 0.196386
0.343872 0.355317 0.011445
0.343231 0.41351 0.0702786
0.343958 0.379735 0.0357768
0.343942 0.743496 0.399555
0.343436 0.293701 0.0497341
0.343361 0.383843 0.0404818
0.343396 0.300776 0.0426205
0.343791 0.494067 0.150276
0.343064 0.142401 0.200664
0.34319 0.21497 0.12822
0.343612 0.4288 0.0851873
0.344092 0.300776 0.0433166
0.343854 0.522364 0.17851
0.343157 0.179598 0.163559
0.34323 0.191465 0.151765
0.343367 0.31675 0.0266166
0.343439 0.112277 0.231162
0.344013 0.453674 0.109662
0.343734 0.380648 0.0369141
0.34384 0.384756 0.0409162
0.34358 0.4733 0.12972
0.343135 0.176632 0.166504
0.344112 0.787312 0.4432
0.343655 0.279781 0.0638738
0.343839 0.478549 0.134709
0.343296 0.436102 0.0928062
0.343545 0.497261 0.153716
0.343291 0.417617 0.0743261
0.343331 0.320858 0.0224731
0.343388 0.0668644 0.276523
0.343477 0.444318 0.10084
0.343473 0.195345 0.148128
0.343119 0.421725 0.0786065
0.343626 0.571657 0.228031
0.34354 0.0543131 0.289227
0.343827 0.712004 0.368177
0.343704 0.293701 0.0500022
0.343442 0.667732 0.324289
0.343755 0.663396 0.319641
0.343236 0.134642 0.208594
0.343178 0.162939 0.180238
0.343124 0.078503 0.264621
0.343883 0.536969 0.193087
0.343397 0.361479 0.0180823
0.343691 0.343222 0.000468761
0.343307 0.361479 0.0181721
0.343812 1 0.656188
0.34317 0.225924 0.117246
0.343213 0.0880876 0.255125
0.343756 0.474441 0.130684
0.343188 0.257645 0.0855427
0.343483 0.198311 0.145171
0.344117 0.509813 0.165696
0.343341 0.178686 0.164655
0.343123 0.0351438 0.307979
0.343629 0.164765 0.178864
0.342726 0.201278 0.141448
0.34349 0.253765 0.0897242
0.343748 0.489959 0.14621
0.343554 0.256732 0.0868215
0.34349 0.30283 0.04066
0.343183 0.159973 0.18321
0.343589 0.28366 0.0599286
0.343496 0.267686 0.0758097
0.343193 0.525331 0.182137
0.343399 0.505477 0.162078
0.343392 0.341168 0.00222406
0.343691 0.483797 0.140107
0.343903 0.53811 0.194207
0.343429 0.199224 0.144205
0.343764 0.597216 0.253452
0.342955 0.304884 0.0380712
0.343944 0.714057 0.370114
0.344039 0.609995 0.265956
0.344101 0.661114 0.317013
0.343749 0.578047 0.234297
0.343317 0.262665 0.0806516
0.344052 0.605659 0.261607
0.343022 0.168873 0.174149
0.343855 0.682793 0.338939
0.343601 0.584436 0.240836
0.343685 0.509813 0.166128
0.34394 0.645139 0.3012
