0.252584 0.196257 0.0563266
0.134253 0.0554541 0.0787994
0.344219 0.494067 0.149847
0.272775 0.403241 0.130466
0.323583 0.355317 0.0317342
0.221579 0.200137 0.0214418
0.139988 0.182565 0.042577
0.139246 0.0773619 0.061884
0.187603 0.0947056 0.0928972
0.335728 0.392058 0.0563303
0.48035 0.400046 0.0803045
0.465992 0.421725 0.044267
0.302829 0.281607 0.0212224
0.443639 0.293701 0.149937
0.424046 0.353263 0.0707824
0.424723 0.263806 0.160916
0.144153 0.272707 0.128554
0.156005 0.319945 0.16394
0.130876 0.235737 0.104861
0.128411 0 0.128411
0.144826 0.0958466 0.0489796
0.335244 0.438156 0.102912
0.193037 0.116157 0.0768799
0.232117 0.188498 0.0436187
0.155686 0.0467823 0.108904
0.120151 0.185532 0.0653805
0.492967 0.403241 0.0897262
0.613234 0.653811 0.0405768
0.653604 0.830214 0.176611
0.501182 0.469192 0.0319901
0.474544 0.565495 0.0909507
0.663175 0.667732 0.00455678
0.626701 0.636467 0.00976664
0.534673 0.647193 0.11252
0.169873 0.09288 0.076993
0.158303 0.233911 0.0756088
0.136915 0.162939 0.026024
0.144584 0.238932 0.0943479
0.326201 0.225924 0.100277
0.117801 0.00753081 0.11027
0.256747 0.149247 0.1075
0.159467 0.0677773 0.09169
0.246858 0.0997261 0.147132
0.131979 0.0602465 0.0717321
0.497877 0.432907 0.0649694
0.53412 0.380648 0.153471
0.569886 0.554769 0.0151166
0.603221 0.635555 0.0323339
0.560373 0.477408 0.0829657
0.542601 0.51278 0.0298215
0.507738 0.596075 0.0883373
0.572212 0.616385 0.0441734
0.566711 0.505477 0.0612343
0.589552 0.65267 0.0631182
0.535263 0.600411 0.0651479
0.263313 0.406207 0.142894
0.265944 0.230945 0.0349992
0.138177 0.0611593 0.0770172
0.256239 0.211091 0.0451481
0.38723 0.468051 0.0808208
0.197291 0.117983 0.0793082
0.175841 0.110224 0.0656177
0.201841 0.22387 0.0220293
0.346571 0.184391 0.162181
0.219654 0.237791 0.0181366
0.156008 0.116157 0.0398508
0.444138 0.422638 0.0215002
0.488539 0.407348 0.0811906
0.53388 0.344135 0.189745
0.487255 0.63236 0.145105
0.3684 0.527613 0.159213
0.478583 0.336148 0.142435
0.363584 0.255819 0.107764
0.504125 0.444318 0.0598071
0.216186 0.106344 0.109842
0.251655 0.237791 0.0138643
0.460314 0.384756 0.0755585
0.353828 0.330899 0.0229291
0.191274 0.111365 0.079909
0.454244 0.483797 0.0295537
0.260071 0.120949 0.139122
0.300743 0.135555 0.165188
0.324069 0.174578 0.149491
0.335411 0.321999 0.0134117
0.387255 0.421725 0.0344703
0.388059 0.399133 0.0110737
0.413832 0.380648 0.0331834
0.314177 0.374715 0.0605376
0.347207 0.425833 0.078626
0.513193 0.49612 0.0170725
0.337463 0.325879 0.0115844
0.536924 0.357371 0.179553
0.469274 0.335007 0.134267
0.209051 0.310817 0.101766
0.414668 0.405294 0.00937399
0.36179 0.366499 0.00470898
0.605161 0.555911 0.0492509
0.400056 0.419671 0.0196154
0.36477 0.402099 0.037329
0.399781 0.525331 0.12555
0.309811 0.296668 0.0131431
0.311817 0.375628 0.0638107
0.247617 0.23277 0.0148464
0.294985 0.504564 0.209579
0.242156 0.329073 0.0869178
0.417487 0.552716 0.135228
0.440931 0.494067 0.0531353
0.222383 0.251712 0.0293281
0.324341 0.280694 0.0436474
0.291544 0.229804 0.0617401
0.420305 0.31675 0.103555
0.431381 0.536969 0.105588
0.147878 0.313784 0.165906
0.357854 0.390005 0.0321502
0.25835 0.255819 0.00253037
0.381238 0.329073 0.0521646
0.378063 0.434048 0.0559852
0.50594 0.454587 0.0513531
0.437627 0.510726 0.0730985
0.280346 0.472387 0.192041
0.557918 0.535828 0.0220895
0.275991 0.414423 0.138432
0.490618 0.587631 0.0970131
0.323942 0.424692 0.10075
0.551585 0.382702 0.168884
0.415225 0.485851 0.0706258
0.425167 0.332953 0.0922145
0.406248 0.447513 0.0412647
0.105873 0.130762 0.0248892
0.130239 0.151073 0.0208331
0.165366 0.239845 0.0744786
0.399769 0.354176 0.0455927
0.48608 0.590826 0.104746
0.114757 0.0362848 0.0784719
0.545871 0.492013 0.0538581
0.132602 0.129621 0.00298077
0.416706 0.362392 0.0543144
0.0992391 0.147193 0.047954
0.286286 0.293701 0.00741592
0.400668 0.395025 0.00564331
0.143488 0.309904 0.166416
0.563081 0.628024 0.0649429
0.257562 0.144226 0.113336
0.185274 0.200137 0.0148627
0.363625 0.4288 0.0651751
0.186324 0.130762 0.0555614
0.337079 0.250799 0.0862806
0.274029 0.214058 0.0599719
0.236235 0.259699 0.0234634
0.555537 0.540164 0.0153723
0.340124 0.355317 0.0151931
0.364483 0.41351 0.0490268
0.377711 0.379735 0.00202411
0.644826 0.743496 0.0986701
0.384725 0.293701 0.0910239
0.313403 0.383843 0.0704403
0.284873 0.300776 0.015903
0.456961 0.494067 0.0371056
0.181829 0.142401 0.0394282
0.26369 0.21497 0.0487193
0.409541 0.4288 0.0192588
0.465928 0.300776 0.165152
0.49928 0.522364 0.0230842
0.291091 0.179598 0.111493
0.28785 0.191465 0.0963851
0.315253 0.31675 0.00149685
0.151115 0.112277 0.0388379
0.564344 0.453674 0.11067
0.45337 0.380648 0.0727223
0.455131 0.384756 0.0703755
0.537367 0.4733 0.0640676
0.168492 0.176632 0.0081401
0.585977 0.787312 0.201334
0.361115 0.279781 0.0813338
0.53726 0.478549 0.0587111
0.258954 0.436102 0.177148
0.47218 0.497261 0.0250813
0.308945 0.417617 0.108673
0.352125 0.320858 0.0312674
0.112091 0.0668644 0.0452269
0.363621 0.444318 0.0806969
0.29819 0.195345 0.102845
0.274646 0.421725 0.147079
0.563564 0.571657 0.00809312
0.251254 0.0543131 0.196941
0.645286 0.712004 0.0667177
0.262022 0.293701 0.0316799
0.476811 0.667732 0.19092
0.520243 0.663396 0.143152
0.253253 0.134642 0.118611
0.254161 0.162939 0.0912216
0.211622 0.078503 0.133119
0.52701 0.536969 0.00995922
0.280671 0.361479 0.0808082
0.45227 0.343222 0.109048
0.265724 0.361479 0.0957549
0.66625 1 0.33375
0.180629 0.225924 0.0452948
0.160795 0.0880876 0.072707
0.492713 0.474441 0.0182721
0.355334 0.257645 0.0976891
0.403214 0.198311 0.204903
0.606842 0.509813 0.0970296
0.354879 0.178686 0.176193
0.316331 0.0351438 0.281188
0.444123 0.164765 0.279358
0.247459 0.201278 0.0461807
0.395411 0.253765 0.141646
0.439325 0.489959 0.0506334
0.34748 0.256732 0.0907479
0.42531 0.30283 0.12248
0.435901 0.159973 0.275929
0.450595 0.28366 0.166934
0.329183 0.267686 0.0614972
0.509237 0.525331 0.0160934
0.448228 0.505477 0.0572488
0.511813 0.341168 0.170644
0.457286 0.483797 0.0265114
0.639314 0.53811 0.101203
0.264457 0.199224 0.0652332
0.561206 0.597216 0.0360101
0.305382 0.304884 0.000498354
0.652325 0.714057 0.0617327
0.599083 0.609995 0.0109129
0.62405 0.661114 0.0370634
0.617813 0.578047 0.0397669
0.282515 0.262665 0.0198496
0.604961 0.605659 0.000698507
0.309575 0.168873 0.140702
0.555644 0.682793 0.127149
0.652941 0.584436 0.0685044
0.552222 0.509813 0.0424092
0.586658 0.645139 0.0584807
