0.262585 0.196257 0.0663275
0.121025 0.0554541 0.0655705
0.33821 0.494067 0.155856
0.283376 0.403241 0.119864
0.328409 0.355317 0.0269083
0.228745 0.200137 0.0286083
0.128905 0.182565 0.0536601
0.129507 0.0773619 0.0521455
0.200314 0.0947056 0.105608
0.340472 0.392058 0.0515859
0.473546 0.400046 0.0735007
0.462359 0.421725 0.0406335
0.316564 0.281607 0.0349573
0.440513 0.293701 0.146812
0.4174 0.353263 0.0641366
0.414218 0.263806 0.150411
0.13527 0.272707 0.137437
0.152035 0.319945 0.16791
0.118557 0.235737 0.11718
0.112584 0 0.112584
0.135522 0.0958466 0.0396753
0.333168 0.438156 0.104988
0.198628 0.116157 0.0824706
0.226896 0.188498 0.0383971
0.149706 0.0467823 0.102923
0.0978459 0.185532 0.0876858
0.483425 0.403241 0.0801845
0.624362 0.653811 0.0294489
0.688166 0.830214 0.142048
0.494548 0.469192 0.0253563
0.458199 0.565495 0.107296
0.703473 0.667732 0.0357412
0.64541 0.636467 0.00894243
0.528582 0.647193 0.118611
0.168091 0.09288 0.075211
0.155291 0.233911 0.0786201
0.124836 0.162939 0.0381031
0.135239 0.238932 0.103693
0.329662 0.225924 0.103738
0.0925819 0.00753081 0.0850511
0.257008 0.149247 0.107761
0.154872 0.0677773 0.087095
0.25235 0.0997261 0.152623
0.125799 0.0602465 0.0655522
0.492713 0.432907 0.059806
0.523334 0.380648 0.142686
0.568809 0.554769 0.0140398
0.6097 0.635555 0.0258545
0.555758 0.477408 0.0783507
0.537688 0.51278 0.0249081
0.500722 0.596075 0.0953528
0.569794 0.616385 0.046591
0.561793 0.505477 0.0563161
0.589717 0.65267 0.0629528
0.524812 0.600411 0.0755983
0.270997 0.406207 0.13521
0.279212 0.230945 0.0482676
0.126731 0.0611593 0.0655715
0.257651 0.211091 0.0465598
0.38405 0.468051 0.084001
0.198677 0.117983 0.0806939
0.174928 0.110224 0.0647044
0.207405 0.22387 0.0164651
0.344786 0.184391 0.160396
0.223223 0.237791 0.0145682
0.145627 0.116157 0.0294705
0.430872 0.422638 0.00823361
0.474043 0.407348 0.0666948
0.52005 0.344135 0.175915
0.467536 0.63236 0.164824
0.357681 0.527613 0.169932
0.470427 0.336148 0.13428
0.361058 0.255819 0.105238
0.48702 0.444318 0.0427021
0.222261 0.106344 0.115917
0.255556 0.237791 0.0177648
0.446337 0.384756 0.0615808
0.348825 0.330899 0.0179256
0.194227 0.111365 0.0828626
0.444017 0.483797 0.0397803
0.263599 0.120949 0.14265
0.307746 0.135555 0.172192
0.321234 0.174578 0.146656
0.338022 0.321999 0.0160232
0.389458 0.421725 0.0322677
0.385222 0.399133 0.0139105
0.403944 0.380648 0.0232956
0.319461 0.374715 0.0552533
0.341947 0.425833 0.0838858
0.501512 0.49612 0.00539187
0.339303 0.325879 0.0134248
0.527235 0.357371 0.169864
0.460067 0.335007 0.12506
0.218522 0.310817 0.0922946
0.411245 0.405294 0.00595024
0.364281 0.366499 0.00221798
0.612219 0.555911 0.0563082
0.398176 0.419671 0.0214956
0.365846 0.402099 0.0362535
0.396946 0.525331 0.128385
0.314349 0.296668 0.0176809
0.315416 0.375628 0.0602119
0.253929 0.23277 0.0211588
0.301147 0.504564 0.203417
0.248474 0.329073 0.0805998
0.410537 0.552716 0.142179
0.42831 0.494067 0.0657567
0.232716 0.251712 0.0189955
0.325538 0.280694 0.0448441
0.300031 0.229804 0.0702273
0.421267 0.31675 0.104517
0.427392 0.536969 0.109577
0.144138 0.313784 0.169646
0.362532 0.390005 0.0274728
0.265443 0.255819 0.0096235
0.373881 0.329073 0.0448078
0.375504 0.434048 0.058544
0.500234 0.454587 0.0456476
0.43403 0.510726 0.0766953
0.290584 0.472387 0.181803
0.550834 0.535828 0.015006
0.288298 0.414423 0.126125
0.484556 0.587631 0.103075
0.330663 0.424692 0.0940288
0.545225 0.382702 0.162523
0.406648 0.485851 0.0792035
0.420402 0.332953 0.0874494
0.39964 0.447513 0.0478727
0.0757182 0.130762 0.055044
0.118775 0.151073 0.0322975
0.169566 0.239845 0.0702788
0.397331 0.354176 0.0431553
0.474636 0.590826 0.11619
0.0875547 0.0362848 0.0512699
0.537568 0.492013 0.0455554
0.12363 0.129621 0.00599098
0.417691 0.362392 0.0552993
0.0598138 0.147193 0.0873793
0.288219 0.293701 0.00548241
0.397458 0.395025 0.00243303
0.140133 0.309904 0.169772
0.560672 0.628024 0.0673513
0.26484 0.144226 0.120613
0.18486 0.200137 0.0152767
0.360157 0.4288 0.0686426
0.188769 0.130762 0.0580066
0.335053 0.250799 0.0842542
0.282371 0.214058 0.0683135
0.243085 0.259699 0.0166133
0.549616 0.540164 0.00945193
0.346358 0.355317 0.00895965
0.363706 0.41351 0.0498034
0.37575 0.379735 0.00398499
0.676041 0.743496 0.0674554
0.380763 0.293701 0.0870618
0.317614 0.383843 0.0662291
0.293909 0.300776 0.00686646
0.447402 0.494067 0.0466647
0.185478 0.142401 0.0430776
0.271131 0.21497 0.056161
0.406353 0.4288 0.022447
0.460753 0.300776 0.159977
0.49135 0.522364 0.0310144
0.297842 0.179598 0.118244
0.290882 0.191465 0.0994165
0.318056 0.31675 0.00130606
0.143391 0.112277 0.0311138
0.563997 0.453674 0.110323
0.451815 0.380648 0.0711671
0.447764 0.384756 0.0630077
0.527564 0.4733 0.054264
0.167726 0.176632 0.00890531
0.58738 0.787312 0.199932
0.358951 0.279781 0.0791701
0.526884 0.478549 0.0483358
0.269806 0.436102 0.166297
0.460775 0.497261 0.0364868
0.310305 0.417617 0.107312
0.353457 0.320858 0.0325987
0.0836903 0.0668644 0.0168259
0.362848 0.444318 0.0814694
0.302159 0.195345 0.106815
0.280467 0.421725 0.141258
0.562197 0.571657 0.00945961
0.26079 0.0543131 0.206477
0.675473 0.712004 0.0365303
0.274673 0.293701 0.019028
0.464589 0.667732 0.203143
0.513851 0.663396 0.149544
0.263221 0.134642 0.12858
0.260548 0.162939 0.0976091
0.218828 0.078503 0.140325
0.522777 0.536969 0.0141919
0.280952 0.361479 0.0805272
0.437419 0.343222 0.0941966
0.271769 0.361479 0.0897101
0.714698 1 0.285302
0.18434 0.225924 0.0415839
0.151627 0.0880876 0.0635398
0.487179 0.474441 0.0127384
0.349005 0.257645 0.0913598
0.393147 0.198311 0.194836
0.614326 0.509813 0.104513
0.344233 0.178686 0.165547
0.317845 0.0351438 0.282702
0.436549 0.164765 0.271784
0.252927 0.201278 0.0516491
0.391315 0.253765 0.13755
0.43051 0.489959 0.0594492
0.352734 0.256732 0.096002
0.41489 0.30283 0.11206
0.429983 0.159973 0.27001
0.440066 0.28366 0.156405
0.328209 0.267686 0.0605233
0.496248 0.525331 0.0290825
0.436027 0.505477 0.06945
0.497493 0.341168 0.156324
0.44463 0.483797 0.0391677
0.664125 0.53811 0.126015
0.268409 0.199224 0.0691845
0.554865 0.597216 0.042351
0.309239 0.304884 0.00435492
0.686333 0.714057 0.027724
0.603396 0.609995 0.00659907
0.636708 0.661114 0.0244054
0.627453 0.578047 0.0494066
0.284274 0.262665 0.0216087
0.611366 0.605659 0.00570637
0.306101 0.168873 0.137228
0.547497 0.682793 0.135296
0.687742 0.584436 0.103306
0.540504 0.509813 0.0306914
0.582441 0.645139 0.0626985
