0.257264 0.196257 0.0610065
0.131375 0.0554541 0.075921
0.338213 0.494067 0.155854
0.275205 0.403241 0.128035
0.323204 0.355317 0.0321129
0.224873 0.200137 0.0247365
0.137632 0.182565 0.0449326
0.13722 0.0773619 0.0598578
0.196511 0.0947056 0.101806
0.335408 0.392058 0.0566506
0.47471 0.400046 0.0746642
0.464232 0.421725 0.0425066
0.306501 0.281607 0.0248941
0.43902 0.293701 0.145319
0.415449 0.353263 0.0621852
0.414005 0.263806 0.150198
0.145352 0.272707 0.127355
0.159148 0.319945 0.160797
0.12974 0.235737 0.105997
0.124528 0 0.124528
0.145446 0.0958466 0.0495995
0.329359 0.438156 0.108797
0.198437 0.116157 0.0822796
0.22911 0.188498 0.0406119
0.155145 0.0467823 0.108363
0.113956 0.185532 0.0715753
0.489724 0.403241 0.0864831
0.625666 0.653811 0.0281445
0.673694 0.830214 0.156521
0.499997 0.469192 0.0308051
0.469744 0.565495 0.0957516
0.690423 0.667732 0.0226914
0.642278 0.636467 0.00581044
0.535555 0.647193 0.111638
0.175535 0.09288 0.0826554
0.160871 0.233911 0.0730402
0.137572 0.162939 0.0253672
0.144867 0.238932 0.0940653
0.326998 0.225924 0.101074
0.11269 0.00753081 0.10516
0.260211 0.149247 0.110964
0.163152 0.0677773 0.0953743
0.254209 0.0997261 0.154483
0.131189 0.0602465 0.070943
0.498195 0.432907 0.0652879
0.535456 0.380648 0.154808
0.575268 0.554769 0.0204988
0.614583 0.635555 0.0209713
0.56634 0.477408 0.0889328
0.546102 0.51278 0.0333222
0.508953 0.596075 0.0871217
0.578177 0.616385 0.0382085
0.571626 0.505477 0.0661495
0.59738 0.65267 0.0552897
0.53446 0.600411 0.0659508
0.271102 0.406207 0.135105
0.274358 0.230945 0.0434134
0.139757 0.0611593 0.0785982
0.260679 0.211091 0.0495886
0.387047 0.468051 0.0810044
0.204115 0.117983 0.086132
0.180429 0.110224 0.0702057
0.213129 0.22387 0.0107411
0.350299 0.184391 0.165908
0.229625 0.237791 0.00816588
0.160073 0.116157 0.0439155
0.445343 0.422638 0.0227045
0.486188 0.407348 0.0788394
0.531815 0.344135 0.18768
0.483273 0.63236 0.149087
0.364977 0.527613 0.162636
0.477994 0.336148 0.141846
0.367008 0.255819 0.111189
0.501245 0.444318 0.056927
0.223601 0.106344 0.117257
0.257154 0.237791 0.0193633
0.454459 0.384756 0.0697028
0.351379 0.330899 0.0204794
0.198372 0.111365 0.087007
0.4488 0.483797 0.0349977
0.263561 0.120949 0.142612
0.303895 0.135555 0.168341
0.32604 0.174578 0.151462
0.33836 0.321999 0.0163611
0.386481 0.421725 0.0352444
0.38575 0.399133 0.0133824
0.409882 0.380648 0.0292338
0.317051 0.374715 0.0576639
0.344954 0.425833 0.0808794
0.509753 0.49612 0.0136324
0.341785 0.325879 0.0159062
0.535889 0.357371 0.178518
0.464052 0.335007 0.129045
0.212144 0.310817 0.0986728
0.412615 0.405294 0.00732091
0.364348 0.366499 0.00215116
0.613624 0.555911 0.0577131
0.397777 0.419671 0.0218945
0.36429 0.402099 0.0378092
0.397884 0.525331 0.127447
0.313384 0.296668 0.0167155
0.315824 0.375628 0.0598038
0.253904 0.23277 0.0211331
0.298337 0.504564 0.206227
0.248968 0.329073 0.0801055
0.414261 0.552716 0.138455
0.433177 0.494067 0.0608893
0.228264 0.251712 0.0234473
0.326903 0.280694 0.0462089
0.299331 0.229804 0.069527
0.419365 0.31675 0.102614
0.430076 0.536969 0.106894
0.150898 0.313784 0.162886
0.358598 0.390005 0.0314061
0.263717 0.255819 0.00789729
0.38053 0.329073 0.0514562
0.376452 0.434048 0.0575961
0.505818 0.454587 0.0512314
0.435965 0.510726 0.0747609
0.284938 0.472387 0.187449
0.55925 0.535828 0.0234217
0.284328 0.414423 0.130095
0.488266 0.587631 0.0993651
0.32586 0.424692 0.0988318
0.552439 0.382702 0.169737
0.408831 0.485851 0.0770206
0.42193 0.332953 0.0889768
0.403436 0.447513 0.0440765
0.0935352 0.130762 0.037227
0.126 0.151073 0.0250726
0.168378 0.239845 0.071467
0.394237 0.354176 0.0400612
0.479597 0.590826 0.111229
0.103787 0.0362848 0.067502
0.543416 0.492013 0.0514033
0.131496 0.129621 0.00187461
0.416007 0.362392 0.0536151
0.0817935 0.147193 0.0653996
0.286335 0.293701 0.00736621
0.395654 0.395025 0.000629157
0.14424 0.309904 0.165664
0.566917 0.628024 0.0611064
0.260886 0.144226 0.11666
0.184839 0.200137 0.0152974
0.358345 0.4288 0.0704544
0.189648 0.130762 0.0588863
0.333247 0.250799 0.082448
0.279532 0.214058 0.0654743
0.239838 0.259699 0.0198606
0.5562 0.540164 0.016036
0.342041 0.355317 0.0132765
0.36348 0.41351 0.0500299
0.376621 0.379735 0.00311464
0.665103 0.743496 0.0783933
0.379729 0.293701 0.0860277
0.314217 0.383843 0.0696256
0.288488 0.300776 0.012288
0.455541 0.494067 0.038526
0.18618 0.142401 0.0437792
0.269407 0.21497 0.0544362
0.407275 0.4288 0.0215243
0.464356 0.300776 0.16358
0.496423 0.522364 0.0259412
0.293735 0.179598 0.114136
0.291364 0.191465 0.0998985
0.312078 0.31675 0.00467262
0.152343 0.112277 0.040066
0.568268 0.453674 0.114594
0.454649 0.380648 0.0740007
0.448243 0.384756 0.0634868
0.535806 0.4733 0.0625062
0.174622 0.176632 0.00200967
0.592526 0.787312 0.194785
0.359475 0.279781 0.0796939
0.536448 0.478549 0.0578998
0.265252 0.436102 0.17085
0.467499 0.497261 0.0297621
0.308016 0.417617 0.109602
0.351993 0.320858 0.0311349
0.101598 0.0668644 0.0347332
0.363661 0.444318 0.0806562
0.30121 0.195345 0.105866
0.278797 0.421725 0.142929
0.568623 0.571657 0.00303358
0.255757 0.0543131 0.201444
0.664965 0.712004 0.0470385
0.275907 0.293701 0.017795
0.470835 0.667732 0.196897
0.518234 0.663396 0.145162
0.260875 0.134642 0.126233
0.262645 0.162939 0.0997056
0.219552 0.078503 0.141049
0.524999 0.536969 0.0119709
0.280936 0.361479 0.080543
0.446287 0.343222 0.103065
0.272486 0.361479 0.0889924
0.691094 1 0.308906
0.187346 0.225924 0.0385781
0.16391 0.0880876 0.0758227
0.491705 0.474441 0.0172638
0.354307 0.257645 0.0966623
0.391904 0.198311 0.193593
0.617656 0.509813 0.107843
0.355263 0.178686 0.176578
0.320337 0.0351438 0.285193
0.440106 0.164765 0.275341
0.258583 0.201278 0.0573047
0.394218 0.253765 0.140453
0.433565 0.489959 0.0563935
0.350239 0.256732 0.0935065
0.421283 0.30283 0.118453
0.435748 0.159973 0.275775
0.445678 0.28366 0.162018
0.330636 0.267686 0.0629498
0.509687 0.525331 0.0156436
0.444291 0.505477 0.0611861
0.511299 0.341168 0.170131
0.453933 0.483797 0.0298645
0.657974 0.53811 0.119863
0.271226 0.199224 0.072002
0.567288 0.597216 0.0299282
0.312757 0.304884 0.00787365
0.673902 0.714057 0.0401551
0.610599 0.609995 0.000604033
0.638486 0.661114 0.0226272
0.630826 0.578047 0.0527793
0.289226 0.262665 0.0265601
0.615578 0.605659 0.00991833
0.316302 0.168873 0.147429
0.560272 0.682793 0.122521
0.675262 0.584436 0.0908253
0.554944 0.509813 0.0451308
0.593598 0.645139 0.051541
