0.253263 0.196257 0.0570053
0.134861 0.0554541 0.0794073
0.341494 0.494067 0.152572
0.270023 0.403241 0.133217
0.320427 0.355317 0.0348899
0.222832 0.200137 0.0226956
0.140507 0.182565 0.0420583
0.139661 0.0773619 0.0622992
0.188815 0.0947056 0.0941093
0.332498 0.392058 0.0595609
0.477972 0.400046 0.0779259
0.466402 0.421725 0.0446768
0.299967 0.281607 0.0183606
0.439304 0.293701 0.145603
0.419658 0.353263 0.0663944
0.42095 0.263806 0.157143
0.146556 0.272707 0.126151
0.158824 0.319945 0.161121
0.132095 0.235737 0.103642
0.12862 0 0.12862
0.147427 0.0958466 0.0515805
0.331771 0.438156 0.106385
0.19471 0.116157 0.0785532
0.23078 0.188498 0.0422812
0.156561 0.0467823 0.109778
0.120357 0.185532 0.0651748
0.492699 0.403241 0.0894581
0.614987 0.653811 0.0388244
0.650889 0.830214 0.179326
0.501852 0.469192 0.0326603
0.476701 0.565495 0.0887937
0.661319 0.667732 0.00641268
0.627427 0.636467 0.00904047
0.536497 0.647193 0.110696
0.173989 0.09288 0.0811091
0.160475 0.233911 0.0734362
0.139781 0.162939 0.0231586
0.146821 0.238932 0.092111
0.325084 0.225924 0.0991599
0.118826 0.00753081 0.111295
0.258228 0.149247 0.108981
0.162905 0.0677773 0.0951281
0.249884 0.0997261 0.150158
0.131948 0.0602465 0.0717011
0.498833 0.432907 0.0659254
0.537929 0.380648 0.157281
0.572197 0.554769 0.0174277
0.606404 0.635555 0.0291501
0.564749 0.477408 0.0873417
0.545907 0.51278 0.0331274
0.510251 0.596075 0.0858234
0.57615 0.616385 0.0402356
0.570743 0.505477 0.0652661
0.592452 0.65267 0.0602184
0.537636 0.600411 0.0627744
0.266009 0.406207 0.140198
0.26794 0.230945 0.0369955
0.140865 0.0611593 0.0797054
0.258155 0.211091 0.0470641
0.387387 0.468051 0.0806641
0.202081 0.117983 0.0840986
0.17852 0.110224 0.0682967
0.207988 0.22387 0.0158823
0.34884 0.184391 0.164449
0.225463 0.237791 0.0123284
0.160969 0.116157 0.0448116
0.448531 0.422638 0.0258929
0.490433 0.407348 0.0830843
0.536569 0.344135 0.192434
0.491147 0.63236 0.141213
0.368515 0.527613 0.159098
0.480212 0.336148 0.144064
0.366247 0.255819 0.110428
0.508074 0.444318 0.0637561
0.219624 0.106344 0.11328
0.254756 0.237791 0.016965
0.459912 0.384756 0.0751566
0.353368 0.330899 0.0224685
0.195369 0.111365 0.084004
0.453528 0.483797 0.0302694
0.259906 0.120949 0.138956
0.299954 0.135555 0.164399
0.326923 0.174578 0.152345
0.337005 0.321999 0.0150059
0.383835 0.421725 0.0378901
0.385882 0.399133 0.0132508
0.413424 0.380648 0.0327755
0.314525 0.374715 0.0601901
0.347005 0.425833 0.0788275
0.51416 0.49612 0.0180391
0.340194 0.325879 0.0143154
0.538549 0.357371 0.181178
0.467392 0.335007 0.132386
0.207369 0.310817 0.103447
0.412663 0.405294 0.0073688
0.362347 0.366499 0.00415197
0.606444 0.555911 0.050533
0.399811 0.419671 0.0198607
0.363428 0.402099 0.0386713
0.398388 0.525331 0.126943
0.310735 0.296668 0.0140665
0.312715 0.375628 0.0629125
0.250407 0.23277 0.017637
0.294746 0.504564 0.209818
0.243591 0.329073 0.0854824
0.41609 0.552716 0.136625
0.439085 0.494067 0.0549812
0.223003 0.251712 0.0287083
0.32565 0.280694 0.0449559
0.29386 0.229804 0.0640563
0.417652 0.31675 0.100901
0.430631 0.536969 0.106338
0.149745 0.313784 0.164038
0.35587 0.390005 0.0341344
0.259203 0.255819 0.00338343
0.382921 0.329073 0.0538474
0.376838 0.434048 0.0572104
0.506473 0.454587 0.0518859
0.437161 0.510726 0.0735644
0.279194 0.472387 0.193193
0.559889 0.535828 0.0240611
0.277207 0.414423 0.137215
0.49061 0.587631 0.0970211
0.322127 0.424692 0.102565
0.553265 0.382702 0.170563
0.41184 0.485851 0.0740113
0.424008 0.332953 0.0910554
0.405068 0.447513 0.0424444
0.102741 0.130762 0.0280208
0.129019 0.151073 0.0220539
0.166027 0.239845 0.0738178
0.395992 0.354176 0.0418158
0.485092 0.590826 0.105734
0.112522 0.0362848 0.0762371
0.545355 0.492013 0.0533426
0.133428 0.129621 0.00380635
0.414288 0.362392 0.051896
0.0943324 0.147193 0.0528607
0.286437 0.293701 0.00726405
0.397905 0.395025 0.00287968
0.144037 0.309904 0.165867
0.566005 0.628024 0.0620186
0.2573 0.144226 0.113074
0.185659 0.200137 0.0144783
0.360858 0.4288 0.0679415
0.187853 0.130762 0.0570911
0.334295 0.250799 0.0834965
0.275527 0.214058 0.0614694
0.237132 0.259699 0.0225665
0.55667 0.540164 0.0165057
0.338377 0.355317 0.0169404
0.363323 0.41351 0.0501866
0.376334 0.379735 0.00340125
0.644271 0.743496 0.099225
0.381928 0.293701 0.0882263
0.311587 0.383843 0.0722557
0.28364 0.300776 0.0171356
0.457677 0.494067 0.0363894
0.183391 0.142401 0.0409901
0.265043 0.21497 0.0500726
0.408147 0.4288 0.0206522
0.465629 0.300776 0.164853
0.499059 0.522364 0.0233056
0.290708 0.179598 0.111109
0.289495 0.191465 0.0980295
0.311715 0.31675 0.00503492
0.153444 0.112277 0.0411663
0.5661 0.453674 0.112426
0.453734 0.380648 0.073086
0.452153 0.384756 0.0673975
0.53919 0.4733 0.0658904
0.172822 0.176632 0.00380978
0.588216 0.787312 0.199096
0.359159 0.279781 0.0793784
0.538508 0.478549 0.0599597
0.259727 0.436102 0.176376
0.472826 0.497261 0.0244357
0.307335 0.417617 0.110283
0.35036 0.320858 0.029502
0.110055 0.0668644 0.0431903
0.364376 0.444318 0.079942
0.298704 0.195345 0.103359
0.275147 0.421725 0.146578
0.566657 0.571657 0.00500023
0.250346 0.0543131 0.196033
0.644277 0.712004 0.0677264
0.266754 0.293701 0.0269476
0.475849 0.667732 0.191882
0.520307 0.663396 0.143089
0.255004 0.134642 0.120363
0.258217 0.162939 0.0952776
0.215065 0.078503 0.136562
0.52532 0.536969 0.0116493
0.280474 0.361479 0.0810045
0.452185 0.343222 0.108963
0.268293 0.361479 0.0931853
0.66178 1 0.33822
0.183425 0.225924 0.0424994
0.165384 0.0880876 0.0772967
0.493017 0.474441 0.0185758
0.355791 0.257645 0.0981466
0.399185 0.198311 0.200873
0.609061 0.509813 0.0992485
0.359332 0.178686 0.180646
0.318084 0.0351438 0.282941
0.443353 0.164765 0.278588
0.253026 0.201278 0.0517477
0.395485 0.253765 0.14172
0.436706 0.489959 0.0532531
0.34648 0.256732 0.0897479
0.426039 0.30283 0.123209
0.436983 0.159973 0.27701
0.450223 0.28366 0.166562
0.329315 0.267686 0.0616286
0.513011 0.525331 0.01232
0.449556 0.505477 0.0559214
0.515893 0.341168 0.174724
0.458509 0.483797 0.0252883
0.639295 0.53811 0.101185
0.268648 0.199224 0.069424
0.565937 0.597216 0.031279
0.308554 0.304884 0.00367081
0.650646 0.714057 0.0634116
0.602438 0.609995 0.00755769
0.625893 0.661114 0.0352206
0.619899 0.578047 0.0418522
0.286371 0.262665 0.0237054
0.607029 0.605659 0.00137001
0.31645 0.168873 0.147577
0.56012 0.682793 0.122673
0.651594 0.584436 0.067158
0.557357 0.509813 0.0475442
0.590627 0.645139 0.0545119
