0.264975 0.196257 0.0687179
0.119093 0.0554541 0.0636391
0.339453 0.494067 0.154613
0.286273 0.403241 0.116967
0.329995 0.355317 0.0253223
0.230236 0.200137 0.0300994
0.127106 0.182565 0.0554586
0.128239 0.0773619 0.0508767
0.202323 0.0947056 0.107618
0.342322 0.392058 0.0497364
0.47436 0.400046 0.0743143
0.46322 0.421725 0.0414949
0.319155 0.281607 0.0375482
0.442234 0.293701 0.148532
0.418739 0.353263 0.0654761
0.414136 0.263806 0.15033
0.133665 0.272707 0.139041
0.151208 0.319945 0.168737
0.116275 0.235737 0.119462
0.110261 0 0.110261
0.133613 0.0958466 0.0377665
0.335368 0.438156 0.102788
0.199548 0.116157 0.0833911
0.228678 0.188498 0.0401796
0.149237 0.0467823 0.102454
0.0938782 0.185532 0.0916535
0.482121 0.403241 0.0788805
0.624003 0.653811 0.0298082
0.691048 0.830214 0.139167
0.493648 0.469192 0.0244558
0.455358 0.565495 0.110137
0.701477 0.667732 0.0337459
0.646197 0.636467 0.00973004
0.527571 0.647193 0.119622
0.167076 0.09288 0.0741964
0.154605 0.233911 0.0793062
0.12193 0.162939 0.0410089
0.133268 0.238932 0.105664
0.331614 0.225924 0.10569
0.087405 0.00753081 0.0798742
0.257081 0.149247 0.107834
0.153151 0.0677773 0.0853741
0.252641 0.0997261 0.152914
0.125864 0.0602465 0.0656178
0.491842 0.432907 0.0589344
0.520956 0.380648 0.140308
0.567509 0.554769 0.0127391
0.608277 0.635555 0.0272774
0.553341 0.477408 0.0759334
0.535561 0.51278 0.0227813
0.499239 0.596075 0.0968355
0.568019 0.616385 0.0483661
0.559541 0.505477 0.0540636
0.588282 0.65267 0.0643876
0.523154 0.600411 0.0772566
0.271879 0.406207 0.134328
0.281204 0.230945 0.0502592
0.123453 0.0611593 0.0622937
0.257108 0.211091 0.046017
0.383961 0.468051 0.0840905
0.197677 0.117983 0.0796946
0.174196 0.110224 0.0639721
0.205462 0.22387 0.0184081
0.34379 0.184391 0.159399
0.22105 0.237791 0.016741
0.141377 0.116157 0.0252205
0.426791 0.422638 0.00415307
0.472067 0.407348 0.0647188
0.517681 0.344135 0.173546
0.464054 0.63236 0.168305
0.356271 0.527613 0.171342
0.469285 0.336148 0.133137
0.359348 0.255819 0.103529
0.483502 0.444318 0.0391842
0.222178 0.106344 0.115834
0.255334 0.237791 0.0175434
0.445289 0.384756 0.0605328
0.348037 0.330899 0.0171382
0.19289 0.111365 0.0815254
0.443295 0.483797 0.0405023
0.264348 0.120949 0.143399
0.309131 0.135555 0.173576
0.319738 0.174578 0.14516
0.338164 0.321999 0.0161652
0.39056 0.421725 0.0311655
0.385098 0.399133 0.014035
0.403633 0.380648 0.0229852
0.32067 0.374715 0.054045
0.341235 0.425833 0.084598
0.500686 0.49612 0.00456569
0.338615 0.325879 0.0127366
0.526273 0.357371 0.168902
0.459775 0.335007 0.124768
0.220664 0.310817 0.0901527
0.412289 0.405294 0.00699484
0.364886 0.366499 0.00161296
0.612872 0.555911 0.0569618
0.399002 0.419671 0.0206693
0.367655 0.402099 0.034444
0.397748 0.525331 0.127583
0.315228 0.296668 0.0185596
0.315917 0.375628 0.0597103
0.253721 0.23277 0.0209505
0.302998 0.504564 0.201566
0.248437 0.329073 0.080636
0.410094 0.552716 0.142622
0.427984 0.494067 0.0660827
0.234579 0.251712 0.0171324
0.325739 0.280694 0.0450455
0.300226 0.229804 0.0704218
0.422755 0.31675 0.106005
0.427788 0.536969 0.109181
0.142588 0.313784 0.171196
0.364011 0.390005 0.0259936
0.266476 0.255819 0.010657
0.37275 0.329073 0.0436769
0.376582 0.434048 0.0574663
0.500212 0.454587 0.0456252
0.434274 0.510726 0.0764522
0.292567 0.472387 0.17982
0.54972 0.535828 0.0138916
0.290519 0.414423 0.123904
0.485806 0.587631 0.101825
0.332793 0.424692 0.0918989
0.544813 0.382702 0.162111
0.407336 0.485851 0.0785153
0.420954 0.332953 0.0880005
0.399141 0.447513 0.0483713
0.0717165 0.130762 0.0590457
0.118395 0.151073 0.0326776
0.171484 0.239845 0.068361
0.399349 0.354176 0.0451727
0.474147 0.590826 0.116679
0.0842901 0.0362848 0.0480053
0.536833 0.492013 0.0448201
0.122152 0.129621 0.00746907
0.418368 0.362392 0.055976
0.0547607 0.147193 0.0924324
0.289266 0.293701 0.0044359
0.39899 0.395025 0.00396532
0.140547 0.309904 0.169357
0.559998 0.628024 0.0680256
0.266827 0.144226 0.122601
0.185905 0.200137 0.0142315
0.361601 0.4288 0.0671981
0.189622 0.130762 0.0588596
0.335931 0.250799 0.0851324
0.283068 0.214058 0.0690101
0.245431 0.259699 0.0142674
0.548479 0.540164 0.00831455
0.34733 0.355317 0.00798675
0.364343 0.41351 0.049167
0.374902 0.379735 0.0048337
0.678189 0.743496 0.0653074
0.382044 0.293701 0.0883429
0.319039 0.383843 0.0648038
0.296028 0.300776 0.00474763
0.445375 0.494067 0.048692
0.186199 0.142401 0.0437981
0.2724 0.21497 0.0574299
0.406934 0.4288 0.0218655
0.460363 0.300776 0.159587
0.491076 0.522364 0.0312878
0.299544 0.179598 0.119946
0.291462 0.191465 0.0999965
0.320772 0.31675 0.00402185
0.141547 0.112277 0.0292691
0.563432 0.453674 0.109757
0.451382 0.380648 0.0707343
0.448434 0.384756 0.0636785
0.526286 0.4733 0.0529867
0.166055 0.176632 0.0105763
0.586429 0.787312 0.200883
0.359081 0.279781 0.0793002
0.52554 0.478549 0.0469915
0.272493 0.436102 0.163609
0.459913 0.497261 0.0373488
0.311891 0.417617 0.105727
0.355613 0.320858 0.0347548
0.0791942 0.0668644 0.0123297
0.362444 0.444318 0.0818738
0.302349 0.195345 0.107004
0.282045 0.421725 0.139681
0.561655 0.571657 0.0100023
0.263019 0.0543131 0.208706
0.677252 0.712004 0.0347515
0.274024 0.293701 0.0196773
0.463886 0.667732 0.203846
0.514192 0.663396 0.149204
0.264046 0.134642 0.129404
0.260325 0.162939 0.0973858
0.219094 0.078503 0.140591
0.523211 0.536969 0.0137589
0.281329 0.361479 0.0801496
0.435664 0.343222 0.0924421
0.27171 0.361479 0.0897692
0.719144 1 0.280856
0.184134 0.225924 0.04179
0.148017 0.0880876 0.0599296
0.486846 0.474441 0.0124048
0.348594 0.257645 0.0909494
0.395002 0.198311 0.196691
0.613344 0.509813 0.103532
0.341311 0.178686 0.162626
0.31803 0.0351438 0.282886
0.435692 0.164765 0.270928
0.252019 0.201278 0.0507413
0.390543 0.253765 0.136777
0.430594 0.489959 0.059365
0.353347 0.256732 0.0966147
0.413545 0.30283 0.110716
0.429162 0.159973 0.26919
0.439396 0.28366 0.155735
0.327787 0.267686 0.060101
0.493762 0.525331 0.0315686
0.434593 0.505477 0.0708836
0.494309 0.341168 0.153141
0.442683 0.483797 0.0411144
0.664724 0.53811 0.126614
0.267618 0.199224 0.068394
0.551645 0.597216 0.0455706
0.308742 0.304884 0.00385851
0.68793 0.714057 0.0261272
0.600859 0.609995 0.00913626
0.635515 0.661114 0.0255982
0.625988 0.578047 0.0479415
0.282603 0.262665 0.0199376
0.609949 0.605659 0.00428951
0.303146 0.168873 0.134273
0.544079 0.682793 0.138714
0.689549 0.584436 0.105112
0.536331 0.509813 0.026518
0.578993 0.645139 0.0661457
