0.258808 0.196257 0.0625506
0.130074 0.0554541 0.0746201
0.337537 0.494067 0.15653
0.276804 0.403241 0.126437
0.32415 0.355317 0.0311671
0.225651 0.200137 0.0255144
0.136614 0.182565 0.0459512
0.136242 0.0773619 0.0588797
0.19861 0.0947056 0.103904
0.336179 0.392058 0.0558794
0.473889 0.400046 0.073843
0.463807 0.421725 0.0420821
0.308462 0.281607 0.0268559
0.438948 0.293701 0.145247
0.414411 0.353263 0.0611479
0.412366 0.263806 0.14856
0.144572 0.272707 0.128134
0.159069 0.319945 0.160876
0.128678 0.235737 0.107059
0.122975 0 0.122975
0.144693 0.0958466 0.0488462
0.329039 0.438156 0.109117
0.199222 0.116157 0.083065
0.22844 0.188498 0.0399411
0.15439 0.0467823 0.107608
0.11163 0.185532 0.0739021
0.488619 0.403241 0.0853788
0.627977 0.653811 0.0258345
0.679789 0.830214 0.150426
0.499196 0.469192 0.0300038
0.467427 0.565495 0.0980685
0.698772 0.667732 0.0310403
0.645808 0.636467 0.00934076
0.534964 0.647193 0.112229
0.175659 0.09288 0.0827788
0.160439 0.233911 0.0734729
0.136463 0.162939 0.0264758
0.143924 0.238932 0.0950085
0.327515 0.225924 0.101591
0.110254 0.00753081 0.102723
0.260341 0.149247 0.111094
0.162831 0.0677773 0.0950541
0.255292 0.0997261 0.155566
0.130778 0.0602465 0.0705312
0.497758 0.432907 0.064851
0.534047 0.380648 0.153399
0.575306 0.554769 0.0205362
0.616162 0.635555 0.0193925
0.56597 0.477408 0.0885627
0.545529 0.51278 0.0327498
0.507901 0.596075 0.0881738
0.578 0.616385 0.0383852
0.571012 0.505477 0.0655349
0.597855 0.65267 0.0548146
0.532897 0.600411 0.0675138
0.272193 0.406207 0.134014
0.276023 0.230945 0.0450784
0.138871 0.0611593 0.0777115
0.260973 0.211091 0.0498821
0.386464 0.468051 0.0815874
0.204237 0.117983 0.086254
0.180363 0.110224 0.0701392
0.214207 0.22387 0.00966361
0.350194 0.184391 0.165803
0.230173 0.237791 0.00761788
0.159203 0.116157 0.0430456
0.443797 0.422638 0.0211591
0.484026 0.407348 0.0766777
0.529545 0.344135 0.18541
0.480405 0.63236 0.151955
0.363484 0.527613 0.164129
0.476903 0.336148 0.140755
0.366535 0.255819 0.110716
0.498567 0.444318 0.0542492
0.2243 0.106344 0.117956
0.257452 0.237791 0.0196607
0.452558 0.384756 0.0678026
0.350816 0.330899 0.0199168
0.19886 0.111365 0.0874955
0.447382 0.483797 0.0364151
0.264154 0.120949 0.143205
0.304944 0.135555 0.169389
0.32558 0.174578 0.151002
0.338899 0.321999 0.0169
0.386963 0.421725 0.0347625
0.38555 0.399133 0.0135826
0.408595 0.380648 0.0279473
0.317725 0.374715 0.0569899
0.344265 0.425833 0.0815681
0.508093 0.49612 0.0119727
0.342195 0.325879 0.016316
0.534573 0.357371 0.177202
0.463011 0.335007 0.128004
0.213155 0.310817 0.0976623
0.412408 0.405294 0.00711378
0.364875 0.366499 0.00162444
0.614865 0.555911 0.0589543
0.397375 0.419671 0.0222959
0.364385 0.402099 0.0377146
0.39764 0.525331 0.127691
0.314206 0.296668 0.0175374
0.316409 0.375628 0.0592185
0.254849 0.23277 0.0220785
0.299281 0.504564 0.205283
0.250115 0.329073 0.0789585
0.413568 0.552716 0.139147
0.43169 0.494067 0.0623765
0.229566 0.251712 0.0221459
0.327127 0.280694 0.0464329
0.300689 0.229804 0.0708852
0.419583 0.31675 0.102833
0.429945 0.536969 0.107024
0.150954 0.313784 0.16283
0.359488 0.390005 0.0305161
0.264851 0.255819 0.00903183
0.379651 0.329073 0.0505776
0.376367 0.434048 0.0576812
0.505205 0.454587 0.050618
0.435644 0.510726 0.0750819
0.286485 0.472387 0.185902
0.55838 0.535828 0.0225514
0.286382 0.414423 0.128041
0.487498 0.587631 0.100133
0.326811 0.424692 0.0978808
0.551607 0.382702 0.168905
0.407959 0.485851 0.0778923
0.421346 0.332953 0.0883934
0.402589 0.447513 0.044924
0.0903528 0.130762 0.0404093
0.124807 0.151073 0.0262655
0.16912 0.239845 0.0707251
0.394045 0.354176 0.0398685
0.478024 0.590826 0.112802
0.100629 0.0362848 0.0643438
0.542393 0.492013 0.0503799
0.130745 0.129621 0.00112399
0.416637 0.362392 0.0542458
0.0774246 0.147193 0.0697685
0.286784 0.293701 0.0069178
0.395417 0.395025 0.000391662
0.144153 0.309904 0.165751
0.56675 0.628024 0.0612736
0.261887 0.144226 0.117661
0.184592 0.200137 0.0155448
0.357848 0.4288 0.0709513
0.190064 0.130762 0.059302
0.332993 0.250799 0.0821945
0.280685 0.214058 0.0666274
0.240843 0.259699 0.0188553
0.555565 0.540164 0.0154002
0.34324 0.355317 0.0120771
0.363728 0.41351 0.0497823
0.377069 0.379735 0.00266585
0.670771 0.743496 0.0727252
0.379398 0.293701 0.0856964
0.315049 0.383843 0.0687937
0.289917 0.300776 0.0108585
0.454524 0.494067 0.0395428
0.186882 0.142401 0.0444811
0.270563 0.21497 0.0555923
0.407021 0.4288 0.0217787
0.464007 0.300776 0.163231
0.495384 0.522364 0.0269803
0.294726 0.179598 0.115127
0.291923 0.191465 0.100458
0.312426 0.31675 0.00432423
0.151773 0.112277 0.0394951
0.568326 0.453674 0.114652
0.454809 0.380648 0.0741608
0.447283 0.384756 0.0625271
0.534418 0.4733 0.0611186
0.174895 0.176632 0.00173646
0.593087 0.787312 0.194225
0.359508 0.279781 0.0797271
0.535212 0.478549 0.0566638
0.266722 0.436102 0.169381
0.465891 0.497261 0.0313703
0.308119 0.417617 0.109499
0.352288 0.320858 0.0314295
0.0984055 0.0668644 0.031541
0.363666 0.444318 0.0806521
0.301733 0.195345 0.106389
0.27959 0.421725 0.142135
0.568399 0.571657 0.00325763
0.25692 0.0543131 0.202607
0.670559 0.712004 0.0414447
0.278405 0.293701 0.015296
0.469261 0.667732 0.19847
0.517464 0.663396 0.145932
0.262376 0.134642 0.127734
0.263657 0.162939 0.100717
0.220687 0.078503 0.142184
0.524281 0.536969 0.0126882
0.280792 0.361479 0.0806864
0.444325 0.343222 0.101103
0.273328 0.361479 0.0881505
0.699548 1 0.300452
0.187952 0.225924 0.0379727
0.162875 0.0880876 0.0747878
0.490868 0.474441 0.0164267
0.353707 0.257645 0.0960625
0.389822 0.198311 0.191511
0.619355 0.509813 0.109542
0.353913 0.178686 0.175228
0.320606 0.0351438 0.285463
0.439023 0.164765 0.274258
0.259611 0.201278 0.0583333
0.393683 0.253765 0.139918
0.432162 0.489959 0.0577964
0.350918 0.256732 0.0941862
0.419835 0.30283 0.117005
0.435124 0.159973 0.275151
0.444014 0.28366 0.160353
0.330578 0.267686 0.062892
0.507916 0.525331 0.0174147
0.442659 0.505477 0.0628175
0.509385 0.341168 0.168216
0.452225 0.483797 0.0315725
0.662719 0.53811 0.124608
0.271344 0.199224 0.0721201
0.566848 0.597216 0.0303675
0.313356 0.304884 0.00847274
0.680194 0.714057 0.0338639
0.611939 0.609995 0.00194347
0.641181 0.661114 0.0199323
0.632952 0.578047 0.0549056
0.289286 0.262665 0.026621
0.617056 0.605659 0.0113961
0.315699 0.168873 0.146826
0.55935 0.682793 0.123443
0.681711 0.584436 0.097275
0.553312 0.509813 0.0434991
0.59324 0.645139 0.0518994
