0.258626 0.196257 0.0623687
0.136588 0.0554541 0.081134
0.342655 0.494067 0.151412
0.279357 0.403241 0.123883
0.327161 0.355317 0.0281557
0.227023 0.200137 0.0268864
0.142546 0.182565 0.0400191
0.14252 0.0773619 0.065158
0.197992 0.0947056 0.103286
0.338703 0.392058 0.0533558
0.479459 0.400046 0.0794131
0.466308 0.421725 0.044583
0.310237 0.281607 0.0286308
0.444747 0.293701 0.151045
0.423182 0.353263 0.0699189
0.421444 0.263806 0.157638
0.14676 0.272707 0.125946
0.159393 0.319945 0.160552
0.133004 0.235737 0.102733
0.129533 0 0.129533
0.1471 0.0958466 0.0512532
0.336634 0.438156 0.101522
0.200662 0.116157 0.0845046
0.237566 0.188498 0.0490677
0.158998 0.0467823 0.112216
0.119912 0.185532 0.0656197
0.489981 0.403241 0.0867402
0.629606 0.653811 0.0242051
0.683321 0.830214 0.146893
0.500343 0.469192 0.0311511
0.467413 0.565495 0.0980818
0.693154 0.667732 0.0254223
0.647335 0.636467 0.0108674
0.5366 0.647193 0.110593
0.172866 0.09288 0.079986
0.161908 0.233911 0.0720033
0.13822 0.162939 0.0247195
0.145893 0.238932 0.093039
0.326446 0.225924 0.100522
0.115706 0.00753081 0.108175
0.256745 0.149247 0.107498
0.162031 0.0677773 0.0942537
0.250141 0.0997261 0.150415
0.135362 0.0602465 0.075116
0.49753 0.432907 0.0646232
0.532268 0.380648 0.15162
0.576079 0.554769 0.0213099
0.616421 0.635555 0.0191339
0.563676 0.477408 0.0862687
0.543794 0.51278 0.0310141
0.505767 0.596075 0.0903077
0.577618 0.616385 0.038767
0.56971 0.505477 0.0642326
0.59799 0.65267 0.0546796
0.53444 0.600411 0.0659707
0.265485 0.406207 0.140722
0.271386 0.230945 0.0404413
0.138723 0.0611593 0.0775639
0.2558 0.211091 0.0447095
0.38238 0.468051 0.0856716
0.199043 0.117983 0.08106
0.178661 0.110224 0.0684373
0.203325 0.22387 0.0205452
0.343087 0.184391 0.158696
0.219916 0.237791 0.017875
0.154965 0.116157 0.0388077
0.43525 0.422638 0.012612
0.481417 0.407348 0.0740684
0.530423 0.344135 0.186288
0.478017 0.63236 0.154342
0.361309 0.527613 0.166304
0.474715 0.336148 0.138567
0.35782 0.255819 0.102001
0.496508 0.444318 0.0521904
0.220124 0.106344 0.11378
0.252134 0.237791 0.0143426
0.454777 0.384756 0.0700215
0.349934 0.330899 0.0190349
0.194224 0.111365 0.0828591
0.449657 0.483797 0.0341402
0.262369 0.120949 0.14142
0.302775 0.135555 0.16722
0.320446 0.174578 0.145868
0.333822 0.321999 0.0118226
0.38809 0.421725 0.033635
0.385349 0.399133 0.0137838
0.408952 0.380648 0.0283043
0.315015 0.374715 0.0596994
0.343675 0.425833 0.0821576
0.513292 0.49612 0.0171712
0.333192 0.325879 0.00731343
0.538076 0.357371 0.180705
0.46757 0.335007 0.132563
0.216662 0.310817 0.0941549
0.413834 0.405294 0.00854
0.361154 0.366499 0.00534561
0.619489 0.555911 0.0635781
0.398354 0.419671 0.021317
0.363962 0.402099 0.0381374
0.398064 0.525331 0.127267
0.311805 0.296668 0.015137
0.311614 0.375628 0.0640131
0.25004 0.23277 0.0172696
0.296771 0.504564 0.207793
0.246092 0.329073 0.0829814
0.413752 0.552716 0.138963
0.434556 0.494067 0.059511
0.228869 0.251712 0.0228423
0.323498 0.280694 0.0428047
0.294501 0.229804 0.064697
0.421311 0.31675 0.10456
0.430063 0.536969 0.106906
0.151625 0.313784 0.162158
0.359475 0.390005 0.03053
0.262605 0.255819 0.00678554
0.375353 0.329073 0.0462798
0.375734 0.434048 0.0583144
0.506797 0.454587 0.0522103
0.435897 0.510726 0.0748283
0.285208 0.472387 0.187179
0.561741 0.535828 0.0259128
0.281986 0.414423 0.132437
0.490605 0.587631 0.0970261
0.325984 0.424692 0.0987083
0.554478 0.382702 0.171776
0.411023 0.485851 0.0748286
0.422631 0.332953 0.089678
0.403169 0.447513 0.0443433
0.104349 0.130762 0.0264136
0.133775 0.151073 0.0172977
0.172432 0.239845 0.0674129
0.398917 0.354176 0.0447409
0.485336 0.590826 0.10549
0.114059 0.0362848 0.0777745
0.549445 0.492013 0.0574327
0.13538 0.129621 0.00575846
0.416997 0.362392 0.0546058
0.095608 0.147193 0.051585
0.287884 0.293701 0.00581786
0.400044 0.395025 0.00501859
0.14802 0.309904 0.161884
0.569414 0.628024 0.0586099
0.263303 0.144226 0.119076
0.188442 0.200137 0.0116947
0.362641 0.4288 0.0661587
0.191335 0.130762 0.0605727
0.336471 0.250799 0.0856724
0.278871 0.214058 0.0648135
0.241105 0.259699 0.0185933
0.559215 0.540164 0.0190505
0.341992 0.355317 0.0133253
0.365554 0.41351 0.0479559
0.375783 0.379735 0.00395212
0.671989 0.743496 0.0715072
0.382617 0.293701 0.0889152
0.316183 0.383843 0.0676601
0.289721 0.300776 0.0110546
0.456031 0.494067 0.0380358
0.188248 0.142401 0.0458471
0.266902 0.21497 0.051932
0.40817 0.4288 0.0206293
0.464627 0.300776 0.163851
0.498557 0.522364 0.0238075
0.293814 0.179598 0.114216
0.287413 0.191465 0.0959477
0.316406 0.31675 0.000343829
0.152471 0.112277 0.0401933
0.571893 0.453674 0.118219
0.452774 0.380648 0.0721258
0.453117 0.384756 0.0683615
0.537303 0.4733 0.0640031
0.171582 0.176632 0.00504932
0.594986 0.787312 0.192325
0.360761 0.279781 0.0809803
0.537245 0.478549 0.0586964
0.263471 0.436102 0.172632
0.468487 0.497261 0.0287749
0.309506 0.417617 0.108112
0.352013 0.320858 0.0311548
0.109644 0.0668644 0.0427798
0.361492 0.444318 0.0828258
0.299403 0.195345 0.104058
0.277659 0.421725 0.144066
0.570509 0.571657 0.00114757
0.257003 0.0543131 0.20269
0.672155 0.712004 0.0398482
0.269037 0.293701 0.0246644
0.473104 0.667732 0.194627
0.521204 0.663396 0.142191
0.258216 0.134642 0.123574
0.25545 0.162939 0.0925109
0.215708 0.078503 0.137205
0.530643 0.536969 0.00632638
0.28043 0.361479 0.0810488
0.44516 0.343222 0.101938
0.267637 0.361479 0.0938413
0.701446 1 0.298554
0.184899 0.225924 0.0410251
0.160448 0.0880876 0.0723607
0.492214 0.474441 0.0177736
0.351436 0.257645 0.0937916
0.398713 0.198311 0.200402
0.620813 0.509813 0.111001
0.34541 0.178686 0.166724
0.315609 0.0351438 0.280466
0.440834 0.164765 0.276069
0.24991 0.201278 0.0486325
0.390724 0.253765 0.136959
0.433882 0.489959 0.056077
0.348197 0.256732 0.0914653
0.417775 0.30283 0.114945
0.432401 0.159973 0.272429
0.445788 0.28366 0.162128
0.326265 0.267686 0.0585788
0.504944 0.525331 0.0203868
0.442191 0.505477 0.0632864
0.507698 0.341168 0.166529
0.450494 0.483797 0.0333034
0.662996 0.53811 0.124885
0.263271 0.199224 0.0640472
0.563779 0.597216 0.0334371
0.305155 0.304884 0.000271142
0.68052 0.714057 0.0335376
0.609808 0.609995 0.000187576
0.640548 0.661114 0.0205656
0.633779 0.578047 0.0557323
0.280158 0.262665 0.0174921
0.616374 0.605659 0.0107145
0.303112 0.168873 0.134239
0.556034 0.682793 0.126759
0.681647 0.584436 0.097211
0.54934 0.509813 0.0395267
0.591682 0.645139 0.053457
