0.343051 0.196257 0.146793
0.34326 0.0554541 0.287806
0.342912 0.494067 0.151155
0.344074 0.403241 0.0591661
0.343345 0.355317 0.011972
0.343412 0.200137 0.143275
0.344011 0.182565 0.161446
0.343611 0.0773619 0.266249
0.34407 0.0947056 0.249365
0.343535 0.392058 0.0485236
0.344151 0.400046 0.0558942
0.343966 0.421725 0.0777596
0.343791 0.281607 0.0621845
0.344152 0.293701 0.0504504
0.343626 0.353263 0.00963724
0.344075 0.263806 0.080269
0.34261 0.272707 0.0699034
0.34284 0.319945 0.0228947
0.342908 0.235737 0.107171
0.342965 0 0.342965
0.342611 0.0958466 0.246764
0.343021 0.438156 0.0951349
0.343035 0.116157 0.226878
0.343763 0.188498 0.155265
0.343152 0.0467823 0.29637
0.343184 0.185532 0.157652
0.344432 0.403241 0.0588084
0.344761 0.653811 0.30905
0.343892 0.830214 0.486323
0.343983 0.469192 0.125209
0.344198 0.565495 0.221297
0.343815 0.667732 0.323917
0.344293 0.636467 0.292174
0.34422 0.647193 0.302973
0.342181 0.09288 0.249301
0.343248 0.233911 0.109336
0.342568 0.162939 0.179628
0.342873 0.238932 0.103941
0.342647 0.225924 0.116723
0.34245 0.00753081 0.334919
0.342894 0.149247 0.193647
0.342563 0.0677773 0.274786
0.342787 0.0997261 0.243061
0.343421 0.0602465 0.283175
0.343979 0.432907 0.088928
0.343849 0.380648 0.0367992
0.344321 0.554769 0.210449
0.343879 0.635555 0.291675
0.34385 0.477408 0.133558
0.344429 0.51278 0.16835
0.343628 0.596075 0.252447
0.343906 0.616385 0.272479
0.343859 0.505477 0.161618
0.344301 0.65267 0.308369
0.344085 0.600411 0.256326
0.343073 0.406207 0.0631347
0.343286 0.230945 0.112341
0.343343 0.0611593 0.282184
0.343053 0.211091 0.131962
0.343483 0.468051 0.124568
0.343304 0.117983 0.225322
0.343259 0.110224 0.233035
0.342585 0.22387 0.118715
0.343041 0.184391 0.15865
0.343128 0.237791 0.105337
0.343504 0.116157 0.227347
0.343585 0.422638 0.0790528
0.343589 0.407348 0.0637592
0.343685 0.344135 0.000450313
0.343542 0.63236 0.288818
0.343317 0.527613 0.184296
0.343984 0.336148 0.00783595
0.343593 0.255819 0.0877733
0.343494 0.444318 0.100824
0.343549 0.106344 0.237205
0.343525 0.237791 0.105734
0.343404 0.384756 0.0413518
0.343656 0.330899 0.0127565
0.343332 0.111365 0.231967
0.343879 0.483797 0.139918
0.343555 0.120949 0.222606
0.343633 0.135555 0.208078
0.343523 0.174578 0.168945
0.343203 0.321999 0.0212042
0.344001 0.421725 0.0777245
0.343896 0.399133 0.0552363
0.343283 0.380648 0.0373651
0.343436 0.374715 0.0312789
0.343949 0.425833 0.0818839
0.343444 0.49612 0.152676
0.343202 0.325879 0.0173231
0.343751 0.357371 0.0136204
0.344086 0.335007 0.00907961
0.343952 0.310817 0.0331353
0.343189 0.405294 0.0621051
0.343507 0.366499 0.0229926
0.343785 0.555911 0.212125
0.343944 0.419671 0.0757271
0.343254 0.402099 0.0588451
0.343493 0.525331 0.181838
0.343041 0.296668 0.0463725
0.343426 0.375628 0.0322016
0.343816 0.23277 0.111045
0.343875 0.504564 0.160689
0.343641 0.329073 0.0145679
0.344115 0.552716 0.208601
0.343801 0.494067 0.150265
0.343458 0.251712 0.0917462
0.343187 0.280694 0.0624937
0.34351 0.229804 0.113706
0.343557 0.31675 0.026807
0.343602 0.536969 0.193367
0.343178 0.313784 0.0293942
0.343768 0.390005 0.0462366
0.343338 0.255819 0.0875186
0.343209 0.329073 0.0141352
0.343377 0.434048 0.0906716
0.343762 0.454587 0.110825
0.343362 0.510726 0.167364
0.343446 0.472387 0.128941
0.343582 0.535828 0.192247
0.34328 0.414423 0.0711429
0.343776 0.587631 0.243855
0.343263 0.424692 0.0814289
0.34434 0.382702 0.0383623
0.34343 0.485851 0.142422
0.343437 0.332953 0.0104844
0.34342 0.447513 0.104092
0.342916 0.130762 0.212154
0.343443 0.151073 0.192371
0.343081 0.239845 0.103236
0.344183 0.354176 0.0099934
0.344013 0.590826 0.246813
0.342516 0.0362848 0.306231
0.344293 0.492013 0.14772
0.342938 0.129621 0.213317
0.344633 0.362392 0.0177582
0.342675 0.147193 0.195482
0.343168 0.293701 0.0494666
0.343822 0.395025 0.0512027
0.343177 0.309904 0.0332733
0.344042 0.628024 0.283981
0.343477 0.144226 0.199251
0.342817 0.200137 0.14268
0.343393 0.4288 0.0854061
0.342691 0.130762 0.211929
0.343776 0.250799 0.0929772
0.343775 0.214058 0.129717
0.342691 0.259699 0.0829923
0.344139 0.540164 0.196025
0.344302 0.355317 0.0110154
0.343164 0.41351 0.070346
0.344458 0.379735 0.0352772
0.34443 0.743496 0.399066
0.343531 0.293701 0.0498291
0.343396 0.383843 0.0404475
0.343461 0.300776 0.0426848
0.344164 0.494067 0.149902
0.342863 0.142401 0.200462
0.343093 0.21497 0.128123
0.343845 0.4288 0.0849544
0.344692 0.300776 0.0439157
0.344273 0.522364 0.178091
0.343032 0.179598 0.163433
0.34316 0.191465 0.151695
0.343403 0.31675 0.026653
0.343537 0.112277 0.231259
0.344551 0.453674 0.109123
0.344061 0.380648 0.0365869
0.344248 0.384756 0.0405082
0.343791 0.4733 0.129509
0.342989 0.176632 0.166358
0.344724 0.787312 0.442588
0.343919 0.279781 0.0641384
0.344242 0.478549 0.134306
0.343278 0.436102 0.0928241
0.343726 0.497261 0.153536
0.34327 0.417617 0.0743477
0.343341 0.320858 0.0224833
0.343439 0.0668644 0.276575
0.343606 0.444318 0.100712
0.343594 0.195345 0.148249
0.342959 0.421725 0.0787667
0.343866 0.571657 0.22779
0.343711 0.0543131 0.289398
0.34423 0.712004 0.367773
0.344011 0.293701 0.0503095
0.343548 0.667732 0.324184
0.344099 0.663396 0.319297
0.34317 0.134642 0.208528
0.343063 0.162939 0.180124
0.34297 0.078503 0.264467
0.344323 0.536969 0.192646
0.343455 0.361479 0.0180233
0.343981 0.343222 0.000758797
0.343294 0.361479 0.0181844
0.344205 1 0.655795
0.343053 0.225924 0.117128
0.343126 0.0880876 0.255038
0.344101 0.474441 0.13034
0.343084 0.257645 0.0854392
0.34361 0.198311 0.145299
0.344734 0.509813 0.165079
0.343358 0.178686 0.164673
0.342966 0.0351438 0.307823
0.343877 0.164765 0.179112
0.342248 0.201278 0.14097
0.343627 0.253765 0.0898617
0.344083 0.489959 0.145876
0.343741 0.256732 0.0870087
0.343626 0.30283 0.040796
0.34308 0.159973 0.183107
0.343801 0.28366 0.0601405
0.343633 0.267686 0.0759472
0.343094 0.525331 0.182237
0.343467 0.505477 0.16201
0.343453 0.341168 0.00228488
0.343983 0.483797 0.139814
0.344363 0.53811 0.193747
0.343516 0.199224 0.144292
0.344118 0.597216 0.253098
0.342666 0.304884 0.0377828
0.344432 0.714057 0.369625
0.344597 0.609995 0.265398
0.344706 0.661114 0.316407
0.344088 0.578047 0.233959
0.343313 0.262665 0.0806479
0.344625 0.605659 0.261034
0.34278 0.168873 0.173907
0.344276 0.682793 0.338517
0.343828 0.584436 0.240608
0.343971 0.509813 0.165842
0.344421 0.645139 0.300718
