0.251866 0.196257 0.0556082
0.135863 0.0554541 0.080409
0.340632 0.494067 0.153435
0.268888 0.403241 0.134352
0.320825 0.355317 0.0344925
0.222123 0.200137 0.0219863
0.141062 0.182565 0.0415026
0.140098 0.0773619 0.0627365
0.189505 0.0947056 0.0947989
0.332682 0.392058 0.0593769
0.476784 0.400046 0.0767387
0.463925 0.421725 0.0421994
0.300567 0.281607 0.0189603
0.437684 0.293701 0.143983
0.420204 0.353263 0.0669403
0.422016 0.263806 0.15821
0.147512 0.272707 0.125194
0.158975 0.319945 0.16097
0.133519 0.235737 0.102218
0.129475 0 0.129475
0.147699 0.0958466 0.0518525
0.330282 0.438156 0.107874
0.196337 0.116157 0.0801797
0.229459 0.188498 0.0409605
0.157097 0.0467823 0.110314
0.121649 0.185532 0.0638826
0.49224 0.403241 0.0889991
0.616323 0.653811 0.0374878
0.653412 0.830214 0.176803
0.502363 0.469192 0.0331706
0.477182 0.565495 0.0883132
0.665527 0.667732 0.00220466
0.628997 0.636467 0.00747079
0.536426 0.647193 0.110767
0.174102 0.09288 0.0812224
0.160878 0.233911 0.0730336
0.140827 0.162939 0.0221119
0.147138 0.238932 0.0917943
0.322388 0.225924 0.0964642
0.119895 0.00753081 0.112364
0.257856 0.149247 0.108609
0.163958 0.0677773 0.0961805
0.249282 0.0997261 0.149556
0.130972 0.0602465 0.0707255
0.498228 0.432907 0.0653209
0.537883 0.380648 0.157235
0.572962 0.554769 0.0181924
0.607456 0.635555 0.0280985
0.565783 0.477408 0.0883757
0.545968 0.51278 0.0331888
0.51072 0.596075 0.0853552
0.57648 0.616385 0.0399055
0.571103 0.505477 0.0656263
0.59311 0.65267 0.0595602
0.537546 0.600411 0.0628645
0.264503 0.406207 0.141704
0.265846 0.230945 0.0349014
0.141803 0.0611593 0.0806433
0.257658 0.211091 0.0465675
0.385327 0.468051 0.0827241
0.201753 0.117983 0.0837699
0.178548 0.110224 0.0683246
0.208892 0.22387 0.0149782
0.348706 0.184391 0.164315
0.226542 0.237791 0.0112485
0.161751 0.116157 0.0455943
0.449318 0.422638 0.0266796
0.489291 0.407348 0.0819431
0.536655 0.344135 0.19252
0.491044 0.63236 0.141316
0.367632 0.527613 0.159981
0.478528 0.336148 0.14238
0.365913 0.255819 0.110094
0.508213 0.444318 0.063895
0.219958 0.106344 0.113614
0.253992 0.237791 0.0162007
0.459917 0.384756 0.0751616
0.353226 0.330899 0.0223271
0.196089 0.111365 0.0847239
0.452331 0.483797 0.0314659
0.2591 0.120949 0.138151
0.299165 0.135555 0.163611
0.326598 0.174578 0.15202
0.335263 0.321999 0.0132635
0.383321 0.421725 0.0384046
0.385393 0.399133 0.0137399
0.411542 0.380648 0.030894
0.313103 0.374715 0.0616116
0.346447 0.425833 0.0793863
0.514352 0.49612 0.0182314
0.339719 0.325879 0.0138409
0.538185 0.357371 0.180813
0.466086 0.335007 0.131079
0.207554 0.310817 0.103263
0.411765 0.405294 0.00647092
0.36105 0.366499 0.00544894
0.606538 0.555911 0.0506272
0.39769 0.419671 0.0219816
0.361163 0.402099 0.0409361
0.395851 0.525331 0.12948
0.30937 0.296668 0.0127018
0.311459 0.375628 0.064169
0.249565 0.23277 0.0167951
0.292076 0.504564 0.212488
0.244135 0.329073 0.0849382
0.415324 0.552716 0.137391
0.436887 0.494067 0.0571796
0.222425 0.251712 0.029286
0.324967 0.280694 0.0442731
0.293739 0.229804 0.063935
0.417399 0.31675 0.100649
0.429533 0.536969 0.107437
0.150961 0.313784 0.162822
0.353775 0.390005 0.0362299
0.259007 0.255819 0.00318813
0.381316 0.329073 0.0522421
0.374446 0.434048 0.0596023
0.505506 0.454587 0.0509187
0.435811 0.510726 0.0749147
0.279067 0.472387 0.19332
0.560426 0.535828 0.0245975
0.275432 0.414423 0.13899
0.486853 0.587631 0.100778
0.32021 0.424692 0.104482
0.55168 0.382702 0.168978
0.409828 0.485851 0.0760227
0.422615 0.332953 0.0896621
0.40559 0.447513 0.0419223
0.103276 0.130762 0.0274865
0.129527 0.151073 0.0215453
0.165782 0.239845 0.0740631
0.393201 0.354176 0.0390253
0.485408 0.590826 0.105418
0.113064 0.0362848 0.0767795
0.546523 0.492013 0.0545098
0.134456 0.129621 0.00483522
0.413903 0.362392 0.0515116
0.0944402 0.147193 0.0527529
0.28567 0.293701 0.00803104
0.396028 0.395025 0.00100327
0.143843 0.309904 0.166061
0.566478 0.628024 0.0615462
0.25709 0.144226 0.112864
0.186249 0.200137 0.0138876
0.359265 0.4288 0.0695343
0.187401 0.130762 0.0566385
0.333925 0.250799 0.0831261
0.277108 0.214058 0.063051
0.234808 0.259699 0.0248907
0.55734 0.540164 0.0171754
0.337656 0.355317 0.0176614
0.364058 0.41351 0.0494518
0.376661 0.379735 0.00307393
0.646165 0.743496 0.097331
0.379688 0.293701 0.0859869
0.311175 0.383843 0.0726675
0.282665 0.300776 0.0181111
0.458985 0.494067 0.0350819
0.183584 0.142401 0.0411828
0.263945 0.21497 0.0489742
0.407054 0.4288 0.0217453
0.464279 0.300776 0.163503
0.497779 0.522364 0.0245852
0.289439 0.179598 0.109841
0.28727 0.191465 0.0958048
0.308097 0.31675 0.0086529
0.153452 0.112277 0.0411742
0.566553 0.453674 0.112879
0.45339 0.380648 0.0727421
0.449914 0.384756 0.0651579
0.53908 0.4733 0.0657806
0.173604 0.176632 0.00302793
0.588315 0.787312 0.198997
0.35945 0.279781 0.0796688
0.538262 0.478549 0.0597129
0.256436 0.436102 0.179666
0.47256 0.497261 0.0247017
0.305442 0.417617 0.112176
0.347571 0.320858 0.0267132
0.11079 0.0668644 0.0439252
0.363254 0.444318 0.0810637
0.298583 0.195345 0.103238
0.274557 0.421725 0.147168
0.567133 0.571657 0.00452328
0.249588 0.0543131 0.195275
0.646252 0.712004 0.065752
0.266026 0.293701 0.0276759
0.475979 0.667732 0.191752
0.518333 0.663396 0.145063
0.25456 0.134642 0.119919
0.25701 0.162939 0.0940708
0.214839 0.078503 0.136336
0.525233 0.536969 0.0117366
0.279781 0.361479 0.0816978
0.451975 0.343222 0.108753
0.267483 0.361479 0.0939959
0.664926 1 0.335074
0.184046 0.225924 0.0418784
0.166322 0.0880876 0.0782345
0.492587 0.474441 0.0181459
0.354342 0.257645 0.0966976
0.395826 0.198311 0.197514
0.609854 0.509813 0.100041
0.358208 0.178686 0.179523
0.317114 0.0351438 0.28197
0.443676 0.164765 0.278911
0.253096 0.201278 0.0518177
0.394844 0.253765 0.141078
0.434583 0.489959 0.0553761
0.346316 0.256732 0.089584
0.424967 0.30283 0.122137
0.436243 0.159973 0.27627
0.449187 0.28366 0.165527
0.328327 0.267686 0.0606406
0.514033 0.525331 0.0112984
0.448708 0.505477 0.0567686
0.516159 0.341168 0.17499
0.457195 0.483797 0.0266025
0.641291 0.53811 0.10318
0.26739 0.199224 0.0681658
0.56732 0.597216 0.0298958
0.30809 0.304884 0.00320604
0.653129 0.714057 0.0609289
0.604118 0.609995 0.00587779
0.626914 0.661114 0.0341995
0.621645 0.578047 0.0435987
0.286522 0.262665 0.0238564
0.608026 0.605659 0.0023669
0.316585 0.168873 0.147713
0.56095 0.682793 0.121843
0.653852 0.584436 0.0694159
0.557749 0.509813 0.0479361
0.592118 0.645139 0.0530208
