0.265355 0.196257 0.0690973
0.1189 0.0554541 0.0634462
0.339674 0.494067 0.154392
0.286922 0.403241 0.116318
0.330258 0.355317 0.0250597
0.230544 0.200137 0.0304069
0.126844 0.182565 0.055721
0.128193 0.0773619 0.0508306
0.202953 0.0947056 0.108248
0.342852 0.392058 0.0492065
0.474637 0.400046 0.0745916
0.463535 0.421725 0.0418094
0.31965 0.281607 0.0380439
0.44279 0.293701 0.149088
0.419144 0.353263 0.065881
0.414076 0.263806 0.15027
0.133647 0.272707 0.13906
0.151219 0.319945 0.168726
0.116053 0.235737 0.119684
0.110038 0 0.110038
0.133351 0.0958466 0.037504
0.335911 0.438156 0.102245
0.199967 0.116157 0.0838104
0.229304 0.188498 0.0408053
0.149428 0.0467823 0.102646
0.0932828 0.185532 0.0922489
0.481965 0.403241 0.0787242
0.624289 0.653811 0.0295219
0.692134 0.830214 0.138081
0.493627 0.469192 0.0244347
0.454939 0.565495 0.110556
0.700765 0.667732 0.0330332
0.646833 0.636467 0.0103659
0.527559 0.647193 0.119634
0.167087 0.09288 0.0742071
0.154909 0.233911 0.079002
0.121602 0.162939 0.0413368
0.133122 0.238932 0.10581
0.332234 0.225924 0.10631
0.0866457 0.00753081 0.0791149
0.257437 0.149247 0.10819
0.153043 0.0677773 0.0852655
0.252864 0.0997261 0.153138
0.126278 0.0602465 0.0660311
0.491879 0.432907 0.0589716
0.520794 0.380648 0.140146
0.567653 0.554769 0.0128835
0.608299 0.635555 0.0272556
0.553163 0.477408 0.0757556
0.535432 0.51278 0.022652
0.49931 0.596075 0.0967648
0.567968 0.616385 0.0484169
0.559416 0.505477 0.0539386
0.588407 0.65267 0.0642628
0.523163 0.600411 0.0772473
0.272416 0.406207 0.133791
0.281921 0.230945 0.0509763
0.123134 0.0611593 0.0619749
0.257298 0.211091 0.0462069
0.384367 0.468051 0.0836837
0.19784 0.117983 0.0798573
0.174533 0.110224 0.0643089
0.205189 0.22387 0.0186811
0.343913 0.184391 0.159523
0.220896 0.237791 0.0168951
0.140756 0.116157 0.0245991
0.426188 0.422638 0.00354978
0.472299 0.407348 0.0649508
0.517647 0.344135 0.173512
0.463658 0.63236 0.168702
0.356354 0.527613 0.171259
0.469434 0.336148 0.133286
0.3594 0.255819 0.103581
0.483073 0.444318 0.0387551
0.222491 0.106344 0.116146
0.255589 0.237791 0.0177979
0.445365 0.384756 0.060609
0.347931 0.330899 0.0170318
0.192821 0.111365 0.0814562
0.443292 0.483797 0.040505
0.264851 0.120949 0.143902
0.309573 0.135555 0.174019
0.319554 0.174578 0.144976
0.338191 0.321999 0.0161922
0.391066 0.421725 0.0306589
0.385287 0.399133 0.013846
0.403915 0.380648 0.0232665
0.321087 0.374715 0.0536281
0.341272 0.425833 0.0845605
0.500819 0.49612 0.00469819
0.338422 0.325879 0.012543
0.526414 0.357371 0.169043
0.459936 0.335007 0.124929
0.221456 0.310817 0.0893609
0.41273 0.405294 0.00743589
0.365139 0.366499 0.00136051
0.613458 0.555911 0.0575475
0.399336 0.419671 0.0203354
0.368351 0.402099 0.0337481
0.398189 0.525331 0.127142
0.315472 0.296668 0.0188042
0.316306 0.375628 0.0593218
0.253779 0.23277 0.0210082
0.303617 0.504564 0.200947
0.248621 0.329073 0.0804529
0.410242 0.552716 0.142474
0.428007 0.494067 0.0660596
0.235185 0.251712 0.0165263
0.325948 0.280694 0.0452546
0.300358 0.229804 0.0705541
0.423353 0.31675 0.106602
0.42801 0.536969 0.108959
0.142472 0.313784 0.171312
0.364444 0.390005 0.0255606
0.266862 0.255819 0.0110428
0.37272 0.329073 0.0436461
0.376987 0.434048 0.0570611
0.500577 0.454587 0.0459896
0.434479 0.510726 0.0762471
0.2931 0.472387 0.179287
0.549815 0.535828 0.0139863
0.291114 0.414423 0.123309
0.486415 0.587631 0.101217
0.333438 0.424692 0.0912534
0.545139 0.382702 0.162437
0.407692 0.485851 0.0781596
0.421236 0.332953 0.0882828
0.399318 0.447513 0.0481947
0.0711962 0.130762 0.059566
0.118719 0.151073 0.0323539
0.172034 0.239845 0.0678108
0.399837 0.354176 0.0456606
0.474113 0.590826 0.116713
0.0839936 0.0362848 0.0477088
0.536846 0.492013 0.0448336
0.122032 0.129621 0.00758961
0.418503 0.362392 0.0561113
0.0540824 0.147193 0.0931106
0.289314 0.293701 0.00438705
0.399311 0.395025 0.00428554
0.140946 0.309904 0.168958
0.560027 0.628024 0.0679972
0.267352 0.144226 0.123126
0.186265 0.200137 0.0138715
0.361984 0.4288 0.0668159
0.189985 0.130762 0.0592231
0.336213 0.250799 0.0854148
0.283235 0.214058 0.0691778
0.246024 0.259699 0.013675
0.548432 0.540164 0.00826806
0.3475 0.355317 0.00781712
0.364477 0.41351 0.0490332
0.374516 0.379735 0.00521955
0.679009 0.743496 0.0644869
0.38236 0.293701 0.0886585
0.319406 0.383843 0.0644366
0.296592 0.300776 0.00418398
0.445071 0.494067 0.048996
0.186493 0.142401 0.044092
0.272772 0.21497 0.0578015
0.407175 0.4288 0.0216247
0.460375 0.300776 0.159599
0.491285 0.522364 0.0310791
0.299941 0.179598 0.120343
0.291658 0.191465 0.100193
0.321526 0.31675 0.00477582
0.141361 0.112277 0.0290839
0.563617 0.453674 0.109943
0.451378 0.380648 0.0707299
0.448706 0.384756 0.0639498
0.52621 0.4733 0.0529105
0.16585 0.176632 0.0107813
0.586524 0.787312 0.200788
0.359205 0.279781 0.0794239
0.525579 0.478549 0.0470304
0.273352 0.436102 0.16275
0.459879 0.497261 0.0373829
0.312422 0.417617 0.105195
0.356426 0.320858 0.0355676
0.0786741 0.0668644 0.0118096
0.362277 0.444318 0.0820407
0.302519 0.195345 0.107175
0.282652 0.421725 0.139073
0.561997 0.571657 0.00966001
0.26387 0.0543131 0.209557
0.677971 0.712004 0.0340326
0.273842 0.293701 0.0198597
0.463908 0.667732 0.203824
0.51454 0.663396 0.148856
0.264352 0.134642 0.12971
0.260442 0.162939 0.0975025
0.219306 0.078503 0.140803
0.523767 0.536969 0.0132028
0.2817 0.361479 0.0797783
0.4355 0.343222 0.092278
0.271973 0.361479 0.0895058
0.720418 1 0.279582
0.184482 0.225924 0.0414423
0.147539 0.0880876 0.0594509
0.48715 0.474441 0.0127092
0.34876 0.257645 0.0911152
0.395846 0.198311 0.197535
0.613452 0.509813 0.103639
0.34082 0.178686 0.162134
0.318368 0.0351438 0.283224
0.435725 0.164765 0.27096
0.252138 0.201278 0.0508598
0.390541 0.253765 0.136775
0.431091 0.489959 0.0588684
0.35376 0.256732 0.0970277
0.413424 0.30283 0.110594
0.429202 0.159973 0.269229
0.439649 0.28366 0.155989
0.328024 0.267686 0.060338
0.493663 0.525331 0.0316675
0.434538 0.505477 0.0709393
0.493894 0.341168 0.152726
0.442607 0.483797 0.0411908
0.665295 0.53811 0.127185
0.267909 0.199224 0.0686851
0.551235 0.597216 0.0459806
0.309007 0.304884 0.0041236
0.68866 0.714057 0.025397
0.600716 0.609995 0.00927991
0.635682 0.661114 0.0254321
0.626114 0.578047 0.0480675
0.282662 0.262665 0.019997
0.6101 0.605659 0.00444055
0.302834 0.168873 0.133962
0.543736 0.682793 0.139058
0.690361 0.584436 0.105925
0.535767 0.509813 0.0259539
0.578686 0.645139 0.0664537
