0.342616 0.196257 0.146359
0.343078 0.0554541 0.287624
0.342308 0.494067 0.151759
0.344804 0.403241 0.0584367
0.343259 0.355317 0.0120583
0.343408 0.200137 0.143271
0.344679 0.182565 0.162114
0.343839 0.0773619 0.266477
0.344797 0.0947056 0.250091
0.343666 0.392058 0.0483927
0.344961 0.400046 0.0550847
0.344581 0.421725 0.0771437
0.344216 0.281607 0.0626096
0.344959 0.293701 0.0512578
0.343862 0.353263 0.00940114
0.34481 0.263806 0.0810031
0.341631 0.272707 0.0689246
0.342153 0.319945 0.0222078
0.342307 0.235737 0.10657
0.342431 0 0.342431
0.341638 0.0958466 0.245792
0.342549 0.438156 0.0956069
0.342581 0.116157 0.226424
0.344185 0.188498 0.155687
0.34284 0.0467823 0.296058
0.342922 0.185532 0.15739
0.345534 0.403241 0.0577067
0.346175 0.653811 0.307636
0.344416 0.830214 0.485798
0.344617 0.469192 0.124575
0.34507 0.565495 0.220425
0.344285 0.667732 0.323447
0.345249 0.636467 0.291218
0.345102 0.647193 0.302091
0.340647 0.09288 0.247767
0.343061 0.233911 0.10915
0.341547 0.162939 0.178607
0.342233 0.238932 0.103301
0.341717 0.225924 0.115792
0.341281 0.00753081 0.333751
0.342276 0.149247 0.193029
0.341527 0.0677773 0.27375
0.342043 0.0997261 0.242317
0.343447 0.0602465 0.2832
0.344615 0.432907 0.0882928
0.344348 0.380648 0.0363
0.345315 0.554769 0.209455
0.344402 0.635555 0.291153
0.344354 0.477408 0.133054
0.345534 0.51278 0.167245
0.343879 0.596075 0.252196
0.344467 0.616385 0.271918
0.344373 0.505477 0.161104
0.345275 0.65267 0.307395
0.344836 0.600411 0.255575
0.342678 0.406207 0.0635292
0.34315 0.230945 0.112205
0.343277 0.0611593 0.282118
0.342633 0.211091 0.131542
0.343577 0.468051 0.124474
0.343192 0.117983 0.22521
0.343092 0.110224 0.232868
0.341587 0.22387 0.117717
0.342609 0.184391 0.158219
0.342809 0.237791 0.105018
0.343631 0.116157 0.227474
0.343797 0.422638 0.0788411
0.343809 0.407348 0.0635392
0.344008 0.344135 0.000126868
0.343711 0.63236 0.288648
0.34322 0.527613 0.184393
0.344631 0.336148 0.00848359
0.343819 0.255819 0.0879994
0.343605 0.444318 0.100713
0.343713 0.106344 0.237369
0.343664 0.237791 0.105873
0.343393 0.384756 0.0413629
0.343938 0.330899 0.0130394
0.343245 0.111365 0.23188
0.344411 0.483797 0.139386
0.343724 0.120949 0.222774
0.343882 0.135555 0.208328
0.343662 0.174578 0.169084
0.342967 0.321999 0.0209675
0.344654 0.421725 0.0770714
0.344439 0.399133 0.0546939
0.343129 0.380648 0.037519
0.343467 0.374715 0.0312479
0.344559 0.425833 0.0812736
0.343476 0.49612 0.152645
0.34297 0.325879 0.0170912
0.344129 0.357371 0.0132422
0.344836 0.335007 0.00982934
0.344561 0.310817 0.033744
0.342925 0.405294 0.0623696
0.343619 0.366499 0.0228807
0.344203 0.555911 0.211707
0.344551 0.419671 0.0751207
0.343067 0.402099 0.0590321
0.343585 0.525331 0.181746
0.3426 0.296668 0.0459323
0.343445 0.375628 0.0321829
0.344284 0.23277 0.111513
0.3444 0.504564 0.160165
0.343908 0.329073 0.0148343
0.344897 0.552716 0.207818
0.344244 0.494067 0.149822
0.343514 0.251712 0.0918029
0.34293 0.280694 0.0622364
0.343635 0.229804 0.113832
0.343725 0.31675 0.0269749
0.343818 0.536969 0.193152
0.342907 0.313784 0.0291232
0.344165 0.390005 0.0458393
0.343253 0.255819 0.0874339
0.342974 0.329073 0.0139004
0.343335 0.434048 0.0907134
0.344154 0.454587 0.110433
0.343306 0.510726 0.16742
0.34349 0.472387 0.128897
0.343771 0.535828 0.192057
0.343124 0.414423 0.0712982
0.344187 0.587631 0.243444
0.343088 0.424692 0.0816043
0.345348 0.382702 0.0373543
0.343442 0.485851 0.14241
0.343464 0.332953 0.010511
0.343434 0.447513 0.104078
0.342321 0.130762 0.211559
0.343469 0.151073 0.192397
0.342683 0.239845 0.102839
0.345025 0.354176 0.00915146
0.344673 0.590826 0.246154
0.341411 0.0362848 0.305126
0.345243 0.492013 0.14677
0.342366 0.129621 0.212745
0.345923 0.362392 0.0164687
0.341786 0.147193 0.194592
0.342882 0.293701 0.0491805
0.344283 0.395025 0.050742
0.342893 0.309904 0.0329891
0.344739 0.628024 0.283285
0.343552 0.144226 0.199325
0.342102 0.200137 0.141965
0.343371 0.4288 0.0854281
0.341807 0.130762 0.211045
0.344188 0.250799 0.0933889
0.344188 0.214058 0.130131
0.341811 0.259699 0.0821126
0.344931 0.540164 0.195233
0.345273 0.355317 0.0100439
0.342867 0.41351 0.0706425
0.345585 0.379735 0.0341499
0.345516 0.743496 0.39798
0.343667 0.293701 0.0499654
0.343372 0.383843 0.0404715
0.343511 0.300776 0.0427353
0.344985 0.494067 0.149082
0.342206 0.142401 0.199805
0.342716 0.21497 0.127745
0.344336 0.4288 0.0844638
0.346045 0.300776 0.0452696
0.345208 0.522364 0.177156
0.342584 0.179598 0.162986
0.342867 0.191465 0.151402
0.343392 0.31675 0.0266419
0.343687 0.112277 0.23141
0.345764 0.453674 0.10791
0.34478 0.380648 0.0358683
0.345165 0.384756 0.0395909
0.344219 0.4733 0.129081
0.342492 0.176632 0.16586
0.346104 0.787312 0.441207
0.344492 0.279781 0.0647111
0.345149 0.478549 0.133399
0.343122 0.436102 0.0929801
0.344088 0.497261 0.153174
0.343111 0.417617 0.0745069
0.343255 0.320858 0.0223972
0.343477 0.0668644 0.276613
0.343839 0.444318 0.100478
0.343808 0.195345 0.148464
0.34242 0.421725 0.0793056
0.344372 0.571657 0.227285
0.344054 0.0543131 0.28974
0.345112 0.712004 0.366892
0.344682 0.293701 0.0509802
0.343704 0.667732 0.324028
0.344861 0.663396 0.318535
0.342892 0.134642 0.20825
0.342656 0.162939 0.179716
0.342454 0.078503 0.263951
0.345309 0.536969 0.19166
0.343513 0.361479 0.0179659
0.344626 0.343222 0.00140348
0.343158 0.361479 0.0183203
0.345067 1 0.654933
0.342634 0.225924 0.11671
0.342802 0.0880876 0.254714
0.344864 0.474441 0.129576
0.342702 0.257645 0.0850568
0.343852 0.198311 0.145541
0.346134 0.509813 0.163679
0.34331 0.178686 0.164624
0.342447 0.0351438 0.307303
0.344406 0.164765 0.179641
0.340803 0.201278 0.139525
0.343885 0.253765 0.0901194
0.344828 0.489959 0.145131
0.344123 0.256732 0.0873908
0.343885 0.30283 0.0410555
0.342695 0.159973 0.182722
0.344247 0.28366 0.0605864
0.343896 0.267686 0.0762104
0.34272 0.525331 0.182611
0.343542 0.505477 0.161935
0.343513 0.341168 0.00234491
0.344629 0.483797 0.139169
0.345391 0.53811 0.192719
0.343652 0.199224 0.144428
0.344912 0.597216 0.252304
0.341773 0.304884 0.0368892
0.345534 0.714057 0.368523
0.345864 0.609995 0.264131
0.346081 0.661114 0.315033
0.344843 0.578047 0.233204
0.343217 0.262665 0.0805517
0.345919 0.605659 0.25974
0.342041 0.168873 0.173169
0.345233 0.682793 0.33756
0.3443 0.584436 0.240136
0.344611 0.509813 0.165202
0.345528 0.645139 0.299611
