0.260419 0.196257 0.064162
0.12333 0.0554541 0.0678762
0.337949 0.494067 0.156118
0.280972 0.403241 0.122268
0.326828 0.355317 0.0284896
0.227224 0.200137 0.0270868
0.130831 0.182565 0.0517339
0.131182 0.0773619 0.05382
0.198571 0.0947056 0.103865
0.33922 0.392058 0.0528382
0.473822 0.400046 0.0737762
0.462589 0.421725 0.0408633
0.313807 0.281607 0.0322001
0.440121 0.293701 0.14642
0.416953 0.353263 0.0636896
0.41435 0.263806 0.150544
0.137602 0.272707 0.135105
0.153371 0.319945 0.166574
0.121207 0.235737 0.11453
0.115491 0 0.115491
0.137678 0.0958466 0.0418314
0.331915 0.438156 0.106241
0.19801 0.116157 0.0818531
0.226832 0.188498 0.0383337
0.150883 0.0467823 0.1041
0.10201 0.185532 0.0835221
0.485416 0.403241 0.0821753
0.624587 0.653811 0.0292245
0.684089 0.830214 0.146125
0.496045 0.469192 0.0268528
0.461633 0.565495 0.103862
0.700388 0.667732 0.0326567
0.644497 0.636467 0.00802988
0.530264 0.647193 0.116929
0.16966 0.09288 0.0767799
0.156775 0.233911 0.077136
0.128049 0.162939 0.0348903
0.137667 0.238932 0.101265
0.329058 0.225924 0.103134
0.098178 0.00753081 0.0906472
0.257994 0.149247 0.108747
0.156821 0.0677773 0.0890432
0.252522 0.0997261 0.152796
0.12694 0.0602465 0.0666934
0.494224 0.432907 0.0613169
0.526758 0.380648 0.14611
0.570772 0.554769 0.016003
0.610884 0.635555 0.0246705
0.558683 0.477408 0.0812755
0.540212 0.51278 0.0274326
0.503276 0.596075 0.0927989
0.572045 0.616385 0.0443404
0.564686 0.505477 0.0592089
0.5919 0.65267 0.0607696
0.527647 0.600411 0.0727633
0.271158 0.406207 0.135049
0.277928 0.230945 0.0469835
0.130379 0.0611593 0.0692192
0.258825 0.211091 0.0477343
0.385609 0.468051 0.0824417
0.200285 0.117983 0.0823021
0.176582 0.110224 0.0663585
0.209024 0.22387 0.0148465
0.346709 0.184391 0.162319
0.225354 0.237791 0.0124373
0.14983 0.116157 0.033673
0.435252 0.422638 0.0126137
0.478129 0.407348 0.0707803
0.523769 0.344135 0.179634
0.472168 0.63236 0.160192
0.360377 0.527613 0.167236
0.472862 0.336148 0.136714
0.363598 0.255819 0.107779
0.491448 0.444318 0.0471303
0.222698 0.106344 0.116354
0.256343 0.237791 0.0185517
0.448733 0.384756 0.0639772
0.349806 0.330899 0.0189066
0.195383 0.111365 0.084018
0.445574 0.483797 0.0382238
0.263857 0.120949 0.142907
0.306857 0.135555 0.171303
0.322923 0.174578 0.148345
0.338112 0.321999 0.0161126
0.389176 0.421725 0.0325491
0.385884 0.399133 0.013249
0.405811 0.380648 0.0251628
0.318936 0.374715 0.0557789
0.343094 0.425833 0.082739
0.503514 0.49612 0.00739309
0.340125 0.325879 0.0142464
0.529449 0.357371 0.172078
0.461255 0.335007 0.126248
0.216963 0.310817 0.0938544
0.411583 0.405294 0.00628829
0.364363 0.366499 0.00213668
0.612441 0.555911 0.0565304
0.398195 0.419671 0.0214763
0.365664 0.402099 0.0364357
0.39743 0.525331 0.127901
0.313859 0.296668 0.0171907
0.315785 0.375628 0.0598422
0.253956 0.23277 0.0211856
0.300496 0.504564 0.204068
0.248669 0.329073 0.0804046
0.411839 0.552716 0.140876
0.42976 0.494067 0.0643066
0.231476 0.251712 0.0202358
0.326006 0.280694 0.0453122
0.29989 0.229804 0.0700867
0.421032 0.31675 0.104281
0.427984 0.536969 0.108986
0.145685 0.313784 0.168099
0.361594 0.390005 0.028411
0.264839 0.255819 0.00901943
0.375912 0.329073 0.0468383
0.375803 0.434048 0.058245
0.501687 0.454587 0.0470998
0.434637 0.510726 0.0760885
0.289043 0.472387 0.183344
0.552958 0.535828 0.0171298
0.286799 0.414423 0.127624
0.485374 0.587631 0.102257
0.329576 0.424692 0.0951164
0.547188 0.382702 0.164486
0.407487 0.485851 0.0783639
0.42092 0.332953 0.0879667
0.401054 0.447513 0.0464585
0.0805057 0.130762 0.0502565
0.120241 0.151073 0.030832
0.168394 0.239845 0.0714506
0.396547 0.354176 0.0423712
0.475754 0.590826 0.115072
0.0918993 0.0362848 0.0556145
0.538998 0.492013 0.0469853
0.125282 0.129621 0.00433891
0.417256 0.362392 0.054864
0.0660851 0.147193 0.081108
0.287166 0.293701 0.00653517
0.396695 0.395025 0.0016695
0.140658 0.309904 0.169246
0.561867 0.628024 0.0661566
0.263374 0.144226 0.119148
0.184458 0.200137 0.0156791
0.359638 0.4288 0.0691612
0.188509 0.130762 0.0577465
0.33472 0.250799 0.083921
0.281298 0.214058 0.0672402
0.241622 0.259699 0.0180764
0.551285 0.540164 0.0111206
0.345298 0.355317 0.0100194
0.363236 0.41351 0.0502738
0.375907 0.379735 0.0038282
0.672717 0.743496 0.0707795
0.38051 0.293701 0.0868084
0.31656 0.383843 0.067283
0.292294 0.300776 0.00848165
0.449485 0.494067 0.0445819
0.185078 0.142401 0.0426772
0.270542 0.21497 0.0555718
0.406687 0.4288 0.0221125
0.461724 0.300776 0.160948
0.492811 0.522364 0.0295528
0.296635 0.179598 0.117037
0.290993 0.191465 0.0995283
0.316597 0.31675 0.000152975
0.145614 0.112277 0.0333365
0.565006 0.453674 0.111331
0.452564 0.380648 0.0719163
0.448126 0.384756 0.0633706
0.529728 0.4733 0.0564283
0.169233 0.176632 0.00739835
0.588699 0.787312 0.198612
0.359182 0.279781 0.0794007
0.529525 0.478549 0.0509765
0.26855 0.436102 0.167552
0.462541 0.497261 0.0347206
0.309907 0.417617 0.107711
0.35322 0.320858 0.0323623
0.0889846 0.0668644 0.0221202
0.363154 0.444318 0.0811639
0.302139 0.195345 0.106794
0.27995 0.421725 0.141775
0.563773 0.571657 0.00788391
0.259633 0.0543131 0.20532
0.672383 0.712004 0.0396202
0.274461 0.293701 0.0192407
0.466364 0.667732 0.201368
0.514941 0.663396 0.148455
0.262501 0.134642 0.12786
0.26113 0.162939 0.0981911
0.218798 0.078503 0.140295
0.523707 0.536969 0.0132627
0.281343 0.361479 0.0801359
0.44017 0.343222 0.096948
0.272181 0.361479 0.089298
0.707703 1 0.292297
0.185179 0.225924 0.0407454
0.155168 0.0880876 0.0670799
0.488685 0.474441 0.0142442
0.350544 0.257645 0.0928988
0.393524 0.198311 0.195213
0.615192 0.509813 0.10538
0.347616 0.178686 0.16893
0.318724 0.0351438 0.28358
0.437897 0.164765 0.273132
0.254326 0.201278 0.0530482
0.392622 0.253765 0.138856
0.432296 0.489959 0.0576632
0.352679 0.256732 0.0959471
0.417047 0.30283 0.114217
0.431718 0.159973 0.271745
0.442088 0.28366 0.158428
0.329522 0.267686 0.0618362
0.500033 0.525331 0.0252984
0.438428 0.505477 0.0670485
0.501316 0.341168 0.160148
0.447658 0.483797 0.0361393
0.662566 0.53811 0.124455
0.270001 0.199224 0.0707769
0.558282 0.597216 0.0389338
0.310556 0.304884 0.00567189
0.683008 0.714057 0.0310494
0.605658 0.609995 0.00433719
0.63755 0.661114 0.0235635
0.628588 0.578047 0.0505411
0.28642 0.262665 0.0237543
0.612965 0.605659 0.0073052
0.309334 0.168873 0.140462
0.551348 0.682793 0.131445
0.684324 0.584436 0.0998878
0.544965 0.509813 0.0351524
0.58601 0.645139 0.0591294
