0.255446 0.196257 0.059189
0.132905 0.0554541 0.0774505
0.339525 0.494067 0.154542
0.27288 0.403241 0.13036
0.321975 0.355317 0.0333424
0.223867 0.200137 0.0237302
0.138887 0.182565 0.0436777
0.138289 0.0773619 0.0609267
0.193146 0.0947056 0.0984405
0.334079 0.392058 0.0579789
0.475992 0.400046 0.0759466
0.464992 0.421725 0.0432673
0.303663 0.281607 0.0220563
0.439017 0.293701 0.145316
0.416975 0.353263 0.0637117
0.416666 0.263806 0.15286
0.145977 0.272707 0.12673
0.159065 0.319945 0.16088
0.130838 0.235737 0.104899
0.126365 0 0.126365
0.14637 0.0958466 0.0505234
0.330066 0.438156 0.10809
0.196854 0.116157 0.0806972
0.2298 0.188498 0.041302
0.155785 0.0467823 0.109002
0.116831 0.185532 0.0687005
0.491142 0.403241 0.0879013
0.621447 0.653811 0.0323642
0.664127 0.830214 0.166088
0.500894 0.469192 0.0317023
0.472827 0.565495 0.0926678
0.678127 0.667732 0.0103958
0.63624 0.636467 0.000227392
0.536092 0.647193 0.111101
0.175046 0.09288 0.082166
0.160784 0.233911 0.0731274
0.138681 0.162939 0.0242587
0.145823 0.238932 0.0931092
0.326199 0.225924 0.100274
0.115579 0.00753081 0.108049
0.259507 0.149247 0.11026
0.163177 0.0677773 0.0953997
0.252483 0.0997261 0.152757
0.131489 0.0602465 0.0712421
0.498566 0.432907 0.065659
0.536845 0.380648 0.156197
0.574299 0.554769 0.0195292
0.611475 0.635555 0.0240797
0.566074 0.477408 0.0886666
0.546285 0.51278 0.0335051
0.509765 0.596075 0.0863099
0.577688 0.616385 0.0386973
0.57169 0.505477 0.066213
0.595707 0.65267 0.0569631
0.536066 0.600411 0.0643451
0.269054 0.406207 0.137154
0.27163 0.230945 0.0406848
0.140409 0.0611593 0.0792495
0.259768 0.211091 0.048677
0.387332 0.468051 0.0807193
0.203366 0.117983 0.0853838
0.179754 0.110224 0.06953
0.21124 0.22387 0.0126301
0.349906 0.184391 0.165515
0.228161 0.237791 0.00963013
0.160735 0.116157 0.044578
0.447073 0.422638 0.0244345
0.488297 0.407348 0.0809485
0.534203 0.344135 0.190068
0.486919 0.63236 0.145441
0.366633 0.527613 0.16098
0.479071 0.336148 0.142923
0.366966 0.255819 0.111147
0.504517 0.444318 0.0601995
0.221984 0.106344 0.11564
0.256228 0.237791 0.0184375
0.456849 0.384756 0.072093
0.352215 0.330899 0.0213155
0.197223 0.111365 0.0858588
0.450823 0.483797 0.0329748
0.262117 0.120949 0.141168
0.30219 0.135555 0.166635
0.326521 0.174578 0.151944
0.337826 0.321999 0.0158265
0.385333 0.421725 0.0363923
0.385768 0.399133 0.0133649
0.4114 0.380648 0.0307515
0.315953 0.374715 0.0587617
0.345769 0.425833 0.0800641
0.511711 0.49612 0.0155906
0.341359 0.325879 0.0154802
0.537217 0.357371 0.179846
0.46542 0.335007 0.130413
0.210078 0.310817 0.100739
0.412708 0.405294 0.00741389
0.363531 0.366499 0.00296846
0.610918 0.555911 0.0550073
0.39845 0.419671 0.0212209
0.363876 0.402099 0.0382238
0.398049 0.525331 0.127281
0.312261 0.296668 0.0155927
0.314581 0.375628 0.0610466
0.252431 0.23277 0.0196607
0.296778 0.504564 0.207786
0.246843 0.329073 0.0822306
0.41502 0.552716 0.137696
0.435596 0.494067 0.0584706
0.226049 0.251712 0.0256625
0.326424 0.280694 0.0457302
0.297164 0.229804 0.06736
0.418652 0.31675 0.101902
0.430273 0.536969 0.106697
0.150472 0.313784 0.163312
0.357307 0.390005 0.0326978
0.261823 0.255819 0.00600404
0.381652 0.329073 0.0525786
0.376579 0.434048 0.0574696
0.506197 0.454587 0.0516101
0.436446 0.510726 0.0742798
0.282525 0.472387 0.189862
0.559823 0.535828 0.0239949
0.281299 0.414423 0.133123
0.48921 0.587631 0.0984209
0.324295 0.424692 0.100397
0.553001 0.382702 0.170299
0.410045 0.485851 0.0758058
0.42276 0.332953 0.0898069
0.404222 0.447513 0.0432903
0.0976162 0.130762 0.033146
0.127238 0.151073 0.0238345
0.167273 0.239845 0.0725716
0.394757 0.354176 0.0405811
0.481868 0.590826 0.108958
0.107688 0.0362848 0.0714037
0.544445 0.492013 0.0524327
0.132327 0.129621 0.00270547
0.415176 0.362392 0.0527844
0.0874188 0.147193 0.0597743
0.286224 0.293701 0.00747788
0.396383 0.395025 0.00135747
0.144094 0.309904 0.16581
0.566767 0.628024 0.0612565
0.259305 0.144226 0.115079
0.185089 0.200137 0.0150477
0.359237 0.4288 0.0695623
0.188868 0.130762 0.0581054
0.333573 0.250799 0.082774
0.277757 0.214058 0.0636991
0.238557 0.259699 0.0211422
0.556649 0.540164 0.0164845
0.340412 0.355317 0.0149055
0.363289 0.41351 0.0502208
0.376416 0.379735 0.00331971
0.656345 0.743496 0.0871508
0.380502 0.293701 0.0868007
0.313009 0.383843 0.0708335
0.286337 0.300776 0.0144384
0.456635 0.494067 0.0374312
0.185003 0.142401 0.0426021
0.267635 0.21497 0.0526651
0.407619 0.4288 0.0211804
0.464867 0.300776 0.164091
0.497595 0.522364 0.0247687
0.29242 0.179598 0.112822
0.290632 0.191465 0.099167
0.311681 0.31675 0.00506896
0.152895 0.112277 0.0406179
0.567538 0.453674 0.113864
0.454338 0.380648 0.0736895
0.449747 0.384756 0.0649912
0.537482 0.4733 0.0641817
0.173966 0.176632 0.00266595
0.591015 0.787312 0.196297
0.359313 0.279781 0.0795323
0.53761 0.478549 0.0590612
0.262892 0.436102 0.173211
0.469779 0.497261 0.0274827
0.307722 0.417617 0.109896
0.351238 0.320858 0.0303796
0.105426 0.0668644 0.0385619
0.36398 0.444318 0.0803373
0.300206 0.195345 0.104862
0.277288 0.421725 0.144437
0.568037 0.571657 0.00362015
0.253453 0.0543131 0.19914
0.656299 0.712004 0.055705
0.272227 0.293701 0.0214747
0.472998 0.667732 0.194733
0.519143 0.663396 0.144253
0.258481 0.134642 0.123839
0.26095 0.162939 0.0980106
0.217727 0.078503 0.139224
0.525218 0.536969 0.0117511
0.280739 0.361479 0.0807396
0.448903 0.343222 0.10568
0.270807 0.361479 0.0906721
0.678549 1 0.321451
0.185818 0.225924 0.0401063
0.16479 0.0880876 0.0767021
0.49234 0.474441 0.0178995
0.354989 0.257645 0.0973442
0.394682 0.198311 0.196371
0.614379 0.509813 0.104566
0.357175 0.178686 0.178489
0.319539 0.0351438 0.284395
0.441446 0.164765 0.276682
0.256524 0.201278 0.0552462
0.394852 0.253765 0.141087
0.434935 0.489959 0.0550235
0.348735 0.256732 0.0920032
0.423367 0.30283 0.120537
0.436444 0.159973 0.276471
0.447609 0.28366 0.163949
0.330207 0.267686 0.0625212
0.511447 0.525331 0.0138835
0.446528 0.505477 0.0589488
0.513584 0.341168 0.172416
0.455995 0.483797 0.0278023
0.650264 0.53811 0.112153
0.270291 0.199224 0.0710665
0.567165 0.597216 0.0300512
0.311256 0.304884 0.00637239
0.664149 0.714057 0.0499083
0.607582 0.609995 0.00241357
0.633565 0.661114 0.0275487
0.626623 0.578047 0.0485767
0.288321 0.262665 0.0256555
0.612371 0.605659 0.0067113
0.316681 0.168873 0.147808
0.560676 0.682793 0.122117
0.66531 0.584436 0.0808736
0.556481 0.509813 0.0466678
0.59291 0.645139 0.052229
