0.256774 0.196257 0.0605161
0.131797 0.0554541 0.076343
0.338522 0.494067 0.155544
0.274608 0.403241 0.128633
0.322887 0.355317 0.0324301
0.224596 0.200137 0.0244594
0.137974 0.182565 0.044591
0.137521 0.0773619 0.0601586
0.195682 0.0947056 0.100977
0.335078 0.392058 0.0569806
0.475022 0.400046 0.0749764
0.464406 0.421725 0.0426812
0.305777 0.281607 0.0241703
0.439022 0.293701 0.145321
0.41581 0.353263 0.0625471
0.414634 0.263806 0.150828
0.145558 0.272707 0.127148
0.159153 0.319945 0.160792
0.130064 0.235737 0.105673
0.125036 0 0.125036
0.145707 0.0958466 0.0498602
0.329495 0.438156 0.108661
0.198067 0.116157 0.0819102
0.229303 0.188498 0.0408044
0.155337 0.0467823 0.108554
0.114738 0.185532 0.0707938
0.49011 0.403241 0.0868694
0.624675 0.653811 0.0291364
0.671322 0.830214 0.158892
0.500253 0.469192 0.0310606
0.470551 0.565495 0.0949446
0.687349 0.667732 0.019617
0.640823 0.636467 0.00435603
0.535725 0.647193 0.111468
0.175452 0.09288 0.0825718
0.160896 0.233911 0.0730155
0.137905 0.162939 0.0250338
0.145147 0.238932 0.0937849
0.326797 0.225924 0.100872
0.113497 0.00753081 0.105966
0.260074 0.149247 0.110827
0.163201 0.0677773 0.0954235
0.253796 0.0997261 0.15407
0.131284 0.0602465 0.071038
0.498318 0.432907 0.0654108
0.535873 0.380648 0.155225
0.5751 0.554769 0.0203308
0.613876 0.635555 0.0216789
0.566355 0.477408 0.0889478
0.546206 0.51278 0.0334263
0.509222 0.596075 0.0868532
0.578124 0.616385 0.0382608
0.571722 0.505477 0.0662448
0.597047 0.65267 0.0556231
0.534921 0.600411 0.0654901
0.270618 0.406207 0.135589
0.273678 0.230945 0.0427332
0.139982 0.0611593 0.078823
0.260488 0.211091 0.0493972
0.387154 0.468051 0.0808969
0.203962 0.117983 0.0859791
0.180312 0.110224 0.0700883
0.212698 0.22387 0.011172
0.350251 0.184391 0.16586
0.229316 0.237791 0.00847504
0.160304 0.116157 0.0441471
0.445847 0.422638 0.0232092
0.486799 0.407348 0.0794504
0.532492 0.344135 0.188357
0.484247 0.63236 0.148113
0.365432 0.527613 0.162181
0.478306 0.336148 0.142158
0.367054 0.255819 0.111235
0.502133 0.444318 0.0578157
0.22323 0.106344 0.116886
0.256949 0.237791 0.019158
0.455094 0.384756 0.0703385
0.351587 0.330899 0.020688
0.198117 0.111365 0.0867527
0.449313 0.483797 0.0344839
0.263238 0.120949 0.142289
0.303471 0.135555 0.167916
0.326178 0.174578 0.1516
0.338213 0.321999 0.0162143
0.386215 0.421725 0.0355099
0.385769 0.399133 0.0133643
0.410291 0.380648 0.0296427
0.316774 0.374715 0.0579402
0.345164 0.425833 0.0806693
0.510285 0.49612 0.014165
0.341688 0.325879 0.0158093
0.536277 0.357371 0.178906
0.464406 0.335007 0.129399
0.211645 0.310817 0.0991718
0.412664 0.405294 0.00736961
0.364149 0.366499 0.00235027
0.613012 0.555911 0.0571017
0.397919 0.419671 0.0217519
0.364194 0.402099 0.0379052
0.397934 0.525331 0.127397
0.3131 0.296668 0.0164317
0.315538 0.375628 0.0600896
0.253534 0.23277 0.0207635
0.297948 0.504564 0.206616
0.248475 0.329073 0.080598
0.414469 0.552716 0.138247
0.433767 0.494067 0.0602992
0.22772 0.251712 0.0239916
0.326794 0.280694 0.0461006
0.298809 0.229804 0.0690053
0.41921 0.31675 0.10246
0.430133 0.536969 0.106837
0.150825 0.313784 0.162958
0.358263 0.390005 0.0317413
0.263255 0.255819 0.00743622
0.380835 0.329073 0.0517617
0.376485 0.434048 0.0575629
0.505958 0.454587 0.0513713
0.436087 0.510726 0.0746391
0.284339 0.472387 0.188048
0.559462 0.535828 0.0236332
0.283572 0.414423 0.130851
0.488513 0.587631 0.0991186
0.325473 0.424692 0.0992184
0.552633 0.382702 0.169931
0.40914 0.485851 0.0767112
0.422138 0.332953 0.0891851
0.40367 0.447513 0.0438425
0.094627 0.130762 0.0361352
0.126346 0.151073 0.0247269
0.168097 0.239845 0.0717482
0.394336 0.354176 0.0401599
0.480173 0.590826 0.110653
0.104838 0.0362848 0.0685534
0.543724 0.492013 0.0517114
0.131731 0.129621 0.00210993
0.415793 0.362392 0.0534019
0.0832969 0.147193 0.0638961
0.286265 0.293701 0.00743654
0.395801 0.395025 0.000775635
0.144221 0.309904 0.165683
0.566925 0.628024 0.061099
0.26049 0.144226 0.116263
0.184898 0.200137 0.015239
0.358546 0.4288 0.070254
0.189463 0.130762 0.0587008
0.33332 0.250799 0.0825212
0.279083 0.214058 0.0650257
0.239493 0.259699 0.0202061
0.556365 0.540164 0.0162003
0.34162 0.355317 0.0136967
0.363423 0.41351 0.0500869
0.376548 0.379735 0.0031876
0.662925 0.743496 0.0805707
0.379896 0.293701 0.0861948
0.313909 0.383843 0.069934
0.287942 0.300776 0.0128337
0.455866 0.494067 0.0382004
0.185898 0.142401 0.0434972
0.268972 0.21497 0.0540013
0.407366 0.4288 0.0214333
0.46449 0.300776 0.163714
0.496745 0.522364 0.0256189
0.29339 0.179598 0.113792
0.291178 0.191465 0.0997126
0.311944 0.31675 0.00480676
0.152511 0.112277 0.040234
0.568136 0.453674 0.114462
0.454591 0.380648 0.0739426
0.448602 0.384756 0.0638466
0.536268 0.4733 0.0629677
0.174487 0.176632 0.00214441
0.592209 0.787312 0.195103
0.359444 0.279781 0.0796632
0.536807 0.478549 0.0582584
0.264663 0.436102 0.171439
0.468082 0.497261 0.0291791
0.307943 0.417617 0.109674
0.351816 0.320858 0.0309581
0.102639 0.0668644 0.035775
0.363724 0.444318 0.0805935
0.300973 0.195345 0.105628
0.278437 0.421725 0.143288
0.568547 0.571657 0.00311017
0.255204 0.0543131 0.200891
0.662816 0.712004 0.0491881
0.275012 0.293701 0.01869
0.471395 0.667732 0.196337
0.518479 0.663396 0.144917
0.260292 0.134642 0.12565
0.262245 0.162939 0.099306
0.219108 0.078503 0.140605
0.525105 0.536969 0.0118642
0.2809 0.361479 0.0805787
0.446973 0.343222 0.103751
0.272095 0.361479 0.089384
0.687936 1 0.312064
0.187008 0.225924 0.0389159
0.16419 0.0880876 0.0761026
0.491904 0.474441 0.0174635
0.354499 0.257645 0.096854
0.392573 0.198311 0.194262
0.616904 0.509813 0.107091
0.355765 0.178686 0.17708
0.320171 0.0351438 0.285028
0.440453 0.164765 0.275688
0.258128 0.201278 0.0568501
0.394391 0.253765 0.140625
0.433945 0.489959 0.0560139
0.34989 0.256732 0.093158
0.421812 0.30283 0.118982
0.435955 0.159973 0.275983
0.446189 0.28366 0.162529
0.330565 0.267686 0.0628788
0.510212 0.525331 0.0151184
0.444864 0.505477 0.0606126
0.511937 0.341168 0.170769
0.454487 0.483797 0.0293103
0.656088 0.53811 0.117977
0.271032 0.199224 0.0718083
0.567343 0.597216 0.0298734
0.312437 0.304884 0.00755382
0.671482 0.714057 0.0425758
0.609937 0.609995 5.87106e-05
0.63733 0.661114 0.0237836
0.62986 0.578047 0.0518139
0.289061 0.262665 0.0263953
0.614857 0.605659 0.00919795
0.316447 0.168873 0.147575
0.560465 0.682793 0.122328
0.672787 0.584436 0.0883509
0.555417 0.509813 0.0456038
0.593534 0.645139 0.0516056
