0.257718 0.196257 0.0614608
0.131038 0.0554541 0.0755834
0.33796 0.494067 0.156106
0.275712 0.403241 0.127529
0.323471 0.355317 0.0318461
0.225111 0.200137 0.0249744
0.137361 0.182565 0.0452044
0.136977 0.0773619 0.0596155
0.197244 0.0947056 0.102538
0.33566 0.392058 0.056398
0.474454 0.400046 0.0744079
0.464126 0.421725 0.0424008
0.30708 0.281607 0.0254738
0.439029 0.293701 0.145328
0.415098 0.353263 0.0618344
0.413424 0.263806 0.149618
0.145199 0.272707 0.127507
0.159187 0.319945 0.160758
0.129487 0.235737 0.10625
0.124119 0 0.124119
0.145264 0.0958466 0.0494174
0.329225 0.438156 0.108931
0.198739 0.116157 0.0825824
0.228951 0.188498 0.0404531
0.154968 0.0467823 0.108186
0.113314 0.185532 0.0722179
0.489406 0.403241 0.0861655
0.626501 0.653811 0.0273102
0.675653 0.830214 0.154562
0.499788 0.469192 0.0305958
0.469056 0.565495 0.0964388
0.693015 0.667732 0.0252829
0.64349 0.636467 0.00702298
0.535437 0.647193 0.111756
0.175647 0.09288 0.0827673
0.160835 0.233911 0.0730767
0.137314 0.162939 0.0256254
0.144643 0.238932 0.0942887
0.327178 0.225924 0.101254
0.112037 0.00753081 0.104506
0.260332 0.149247 0.111085
0.163127 0.0677773 0.0953498
0.254594 0.0997261 0.154868
0.131128 0.0602465 0.0708817
0.498116 0.432907 0.0652084
0.535113 0.380648 0.154465
0.575387 0.554769 0.0206173
0.61519 0.635555 0.0203646
0.566332 0.477408 0.0889248
0.546017 0.51278 0.0332376
0.508719 0.596075 0.0873557
0.578226 0.616385 0.0381591
0.571534 0.505477 0.0660573
0.597658 0.65267 0.055012
0.534052 0.600411 0.0663586
0.271527 0.406207 0.13468
0.274932 0.230945 0.0439877
0.139583 0.0611593 0.0784236
0.260839 0.211091 0.049748
0.386937 0.468051 0.0811142
0.204237 0.117983 0.0862543
0.180517 0.110224 0.0702929
0.213517 0.22387 0.0103531
0.35034 0.184391 0.16595
0.22988 0.237791 0.00791124
0.159898 0.116157 0.0437415
0.444939 0.422638 0.022301
0.485643 0.407348 0.0782943
0.531203 0.344135 0.187068
0.482449 0.63236 0.149911
0.364558 0.527613 0.163055
0.477743 0.336148 0.141595
0.366935 0.255819 0.111116
0.500474 0.444318 0.056156
0.223905 0.106344 0.117561
0.25732 0.237791 0.0195291
0.453921 0.384756 0.0691649
0.351195 0.330899 0.0202954
0.198587 0.111365 0.0872227
0.448368 0.483797 0.0354297
0.263827 0.120949 0.142878
0.304256 0.135555 0.168701
0.325917 0.174578 0.15134
0.338519 0.321999 0.0165195
0.386677 0.421725 0.0350485
0.385724 0.399133 0.0134092
0.409555 0.380648 0.0289072
0.317291 0.374715 0.057424
0.34477 0.425833 0.0810629
0.509306 0.49612 0.0131851
0.341908 0.325879 0.0160297
0.535576 0.357371 0.178205
0.46376 0.335007 0.128753
0.212505 0.310817 0.0983119
0.412591 0.405294 0.00729674
0.364539 0.366499 0.00196013
0.61412 0.555911 0.0582092
0.397654 0.419671 0.0220171
0.364372 0.402099 0.0377279
0.397856 0.525331 0.127475
0.313657 0.296668 0.0169889
0.316078 0.375628 0.0595495
0.254224 0.23277 0.0214536
0.298686 0.504564 0.205878
0.249391 0.329073 0.0796828
0.414094 0.552716 0.138621
0.432703 0.494067 0.061364
0.228701 0.251712 0.023011
0.327 0.280694 0.0463058
0.299783 0.229804 0.0699788
0.41947 0.31675 0.10272
0.43007 0.536969 0.1069
0.150973 0.313784 0.162811
0.3589 0.390005 0.0311048
0.26411 0.255819 0.00829059
0.380311 0.329073 0.0512373
0.376461 0.434048 0.0575879
0.505726 0.454587 0.0511386
0.435876 0.510726 0.0748495
0.285433 0.472387 0.186954
0.559073 0.535828 0.0232446
0.285021 0.414423 0.129401
0.488106 0.587631 0.099525
0.326184 0.424692 0.0985079
0.552288 0.382702 0.169586
0.408582 0.485851 0.0772687
0.421765 0.332953 0.0888124
0.403211 0.447513 0.0443013
0.0926278 0.130762 0.0381344
0.125715 0.151073 0.0253574
0.168638 0.239845 0.0712068
0.394168 0.354176 0.039992
0.479114 0.590826 0.111712
0.102893 0.0362848 0.0666078
0.543142 0.492013 0.051129
0.131314 0.129621 0.00169295
0.416221 0.362392 0.0538291
0.0805281 0.147193 0.066665
0.286422 0.293701 0.00727934
0.395561 0.395025 0.000536382
0.144285 0.309904 0.165619
0.566935 0.628024 0.0610887
0.261224 0.144226 0.116997
0.184773 0.200137 0.0153641
0.358177 0.4288 0.0706222
0.189824 0.130762 0.059062
0.333167 0.250799 0.082368
0.279902 0.214058 0.0658441
0.240165 0.259699 0.0195336
0.556066 0.540164 0.0159014
0.342415 0.355317 0.0129018
0.363553 0.41351 0.0499571
0.376725 0.379735 0.00301054
0.666938 0.743496 0.0765579
0.379606 0.293701 0.0859047
0.314486 0.383843 0.0693567
0.288955 0.300776 0.011821
0.455274 0.494067 0.0387929
0.186432 0.142401 0.0440315
0.269791 0.21497 0.0548204
0.407213 0.4288 0.0215864
0.464283 0.300776 0.163507
0.496162 0.522364 0.0262018
0.294029 0.179598 0.114431
0.291555 0.191465 0.10009
0.312186 0.31675 0.00456417
0.152227 0.112277 0.0399491
0.568376 0.453674 0.114702
0.454737 0.380648 0.0740892
0.447937 0.384756 0.0631813
0.535418 0.4733 0.0621178
0.174768 0.176632 0.00186352
0.592802 0.787312 0.19451
0.359499 0.279781 0.0797182
0.536164 0.478549 0.0576158
0.265774 0.436102 0.170328
0.467016 0.497261 0.0302457
0.308058 0.417617 0.109559
0.352158 0.320858 0.0312997
0.100702 0.0668644 0.0338377
0.363625 0.444318 0.0806922
0.301396 0.195345 0.106051
0.279096 0.421725 0.142629
0.568685 0.571657 0.00297147
0.256192 0.0543131 0.201879
0.666773 0.712004 0.0452309
0.276747 0.293701 0.0169549
0.470353 0.667732 0.197378
0.51805 0.663396 0.145346
0.26138 0.134642 0.126738
0.26302 0.162939 0.100081
0.219946 0.078503 0.141443
0.524865 0.536969 0.0121046
0.280928 0.361479 0.0805507
0.445708 0.343222 0.102486
0.272825 0.361479 0.088654
0.693732 1 0.306268
0.187619 0.225924 0.0383048
0.163671 0.0880876 0.0755837
0.491522 0.474441 0.0170815
0.35417 0.257645 0.096525
0.391258 0.198311 0.192947
0.618289 0.509813 0.108476
0.354877 0.178686 0.176191
0.320483 0.0351438 0.28534
0.439781 0.164765 0.275016
0.259008 0.201278 0.0577304
0.394059 0.253765 0.140294
0.433203 0.489959 0.0567558
0.350491 0.256732 0.093759
0.420836 0.30283 0.118006
0.435591 0.159973 0.275619
0.44522 0.28366 0.161559
0.330683 0.267686 0.0629968
0.509252 0.525331 0.0160791
0.443814 0.505477 0.0616631
0.510776 0.341168 0.169608
0.453468 0.483797 0.0303295
0.659547 0.53811 0.121437
0.271353 0.199224 0.0721291
0.567253 0.597216 0.0299627
0.313027 0.304884 0.00814348
0.675922 0.714057 0.0381358
0.611152 0.609995 0.00115663
0.639446 0.661114 0.0216678
0.631614 0.578047 0.0535672
0.289332 0.262665 0.0266669
0.616159 0.605659 0.0104992
0.31619 0.168873 0.147318
0.5601 0.682793 0.122694
0.677335 0.584436 0.0928984
0.554534 0.509813 0.0447211
0.593613 0.645139 0.0515264
