0.343114 0.196257 0.146857
0.343277 0.0554541 0.287823
0.34301 0.494067 0.151057
0.343902 0.403241 0.0593384
0.343341 0.355317 0.0119761
0.343393 0.200137 0.143256
0.343852 0.182565 0.161287
0.343546 0.0773619 0.266185
0.343899 0.0947056 0.249194
0.343485 0.392058 0.048573
0.343959 0.400046 0.0560862
0.343815 0.421725 0.0779097
0.343681 0.281607 0.0620747
0.34396 0.293701 0.0502587
0.343556 0.353263 0.00970775
0.343902 0.263806 0.080096
0.342781 0.272707 0.0700743
0.342955 0.319945 0.0230102
0.343008 0.235737 0.107271
0.343052 0 0.343052
0.34278 0.0958466 0.246933
0.343092 0.438156 0.0950641
0.343104 0.116157 0.226947
0.343667 0.188498 0.155168
0.343194 0.0467823 0.296411
0.343221 0.185532 0.157689
0.344176 0.403241 0.0590642
0.344432 0.653811 0.309379
0.343759 0.830214 0.486456
0.34383 0.469192 0.125362
0.343996 0.565495 0.221499
0.34369 0.667732 0.324042
0.344069 0.636467 0.292398
0.344012 0.647193 0.303181
0.342455 0.09288 0.249575
0.343269 0.233911 0.109358
0.342749 0.162939 0.17981
0.342982 0.238932 0.10405
0.342808 0.225924 0.116884
0.342659 0.00753081 0.335128
0.342999 0.149247 0.193752
0.342745 0.0677773 0.274968
0.342914 0.0997261 0.243188
0.343398 0.0602465 0.283152
0.343827 0.432907 0.0890804
0.343726 0.380648 0.0369218
0.344089 0.554769 0.21068
0.343751 0.635555 0.291804
0.343727 0.477408 0.133681
0.344175 0.51278 0.168604
0.343558 0.596075 0.252517
0.343772 0.616385 0.272613
0.343734 0.505477 0.161743
0.344075 0.65267 0.308595
0.343907 0.600411 0.256503
0.343133 0.406207 0.0630737
0.343296 0.230945 0.112351
0.343339 0.0611593 0.28218
0.343119 0.211091 0.132028
0.343448 0.468051 0.124603
0.34331 0.117983 0.225327
0.343278 0.110224 0.233054
0.342759 0.22387 0.118889
0.343107 0.184391 0.158717
0.343175 0.237791 0.105384
0.343464 0.116157 0.227307
0.343525 0.422638 0.0791135
0.343528 0.407348 0.0638203
0.343602 0.344135 0.000532925
0.343492 0.63236 0.288867
0.343319 0.527613 0.184294
0.343832 0.336148 0.00768372
0.34353 0.255819 0.0877106
0.343455 0.444318 0.100863
0.343499 0.106344 0.237155
0.343482 0.237791 0.105691
0.343387 0.384756 0.0413689
0.343579 0.330899 0.0126799
0.343331 0.111365 0.231967
0.343752 0.483797 0.140045
0.343504 0.120949 0.222555
0.343563 0.135555 0.208008
0.343477 0.174578 0.168899
0.343232 0.321999 0.0212329
0.343844 0.421725 0.0778814
0.343765 0.399133 0.0553679
0.343295 0.380648 0.0373534
0.343412 0.374715 0.031303
0.343807 0.425833 0.0820259
0.343417 0.49612 0.152704
0.343233 0.325879 0.0173549
0.343653 0.357371 0.0137177
0.34391 0.335007 0.00890353
0.343809 0.310817 0.032992
0.343222 0.405294 0.0620726
0.343464 0.366499 0.0230354
0.343678 0.555911 0.212233
0.343801 0.419671 0.0758708
0.343272 0.402099 0.0588276
0.343454 0.525331 0.181877
0.343108 0.296668 0.0464402
0.343405 0.375628 0.032223
0.343702 0.23277 0.110932
0.343749 0.504564 0.160815
0.343569 0.329073 0.0144959
0.343934 0.552716 0.208782
0.343691 0.494067 0.150376
0.343426 0.251712 0.0917146
0.34322 0.280694 0.062526
0.343466 0.229804 0.113662
0.343502 0.31675 0.0267516
0.343537 0.536969 0.193433
0.343211 0.313784 0.0294276
0.343665 0.390005 0.0463395
0.343335 0.255819 0.0875159
0.343239 0.329073 0.0141652
0.343366 0.434048 0.0906828
0.343661 0.454587 0.110926
0.343351 0.510726 0.167374
0.343418 0.472387 0.128969
0.343522 0.535828 0.192306
0.343291 0.414423 0.0711319
0.343672 0.587631 0.243959
0.343279 0.424692 0.081413
0.344106 0.382702 0.0385961
0.343405 0.485851 0.142446
0.343411 0.332953 0.0104583
0.343398 0.447513 0.104114
0.343015 0.130762 0.212253
0.343419 0.151073 0.192346
0.343138 0.239845 0.103293
0.343985 0.354176 0.0101916
0.343853 0.590826 0.246973
0.342711 0.0362848 0.306426
0.344069 0.492013 0.147944
0.343029 0.129621 0.213408
0.344333 0.362392 0.0180586
0.342833 0.147193 0.195639
0.343205 0.293701 0.0495035
0.343708 0.395025 0.0513166
0.343214 0.309904 0.0333097
0.343876 0.628024 0.284148
0.343444 0.144226 0.199218
0.34294 0.200137 0.142803
0.34338 0.4288 0.0854197
0.342843 0.130762 0.212081
0.343673 0.250799 0.0928748
0.343671 0.214058 0.129613
0.342841 0.259699 0.0831426
0.343951 0.540164 0.196214
0.344077 0.355317 0.0112397
0.343202 0.41351 0.0703077
0.344197 0.379735 0.0355386
0.344174 0.743496 0.399322
0.343483 0.293701 0.0497813
0.34338 0.383843 0.0404631
0.343429 0.300776 0.0426532
0.343969 0.494067 0.150098
0.342972 0.142401 0.200572
0.343147 0.21497 0.128177
0.343724 0.4288 0.0850752
0.344378 0.300776 0.043602
0.344054 0.522364 0.17831
0.343101 0.179598 0.163502
0.3432 0.191465 0.151735
0.343387 0.31675 0.0266365
0.343487 0.112277 0.23121
0.344269 0.453674 0.109405
0.343891 0.380648 0.0367575
0.344034 0.384756 0.0407214
0.343682 0.4733 0.129618
0.343069 0.176632 0.166438
0.344403 0.787312 0.442908
0.343782 0.279781 0.064001
0.344032 0.478549 0.134516
0.34329 0.436102 0.0928119
0.343633 0.497261 0.153629
0.343284 0.417617 0.0743337
0.343339 0.320858 0.0224805
0.343415 0.0668644 0.27655
0.34354 0.444318 0.100777
0.343533 0.195345 0.148188
0.343046 0.421725 0.078679
0.343742 0.571657 0.227915
0.343623 0.0543131 0.28931
0.344019 0.712004 0.367984
0.343851 0.293701 0.0501492
0.343494 0.667732 0.324238
0.343919 0.663396 0.319476
0.343208 0.134642 0.208566
0.343127 0.162939 0.180187
0.343054 0.078503 0.264551
0.344093 0.536969 0.192876
0.343427 0.361479 0.0180518
0.34383 0.343222 0.000608057
0.343304 0.361479 0.018175
0.343999 1 0.656001
0.343118 0.225924 0.117193
0.343175 0.0880876 0.255087
0.343921 0.474441 0.13052
0.343142 0.257645 0.0854967
0.343545 0.198311 0.145234
0.344411 0.509813 0.165402
0.343352 0.178686 0.164666
0.343052 0.0351438 0.307908
0.343748 0.164765 0.178983
0.342505 0.201278 0.141227
0.343557 0.253765 0.0897912
0.343909 0.489959 0.14605
0.343644 0.256732 0.086912
0.343556 0.30283 0.0407265
0.343137 0.159973 0.183164
0.343691 0.28366 0.060031
0.343563 0.267686 0.0758771
0.343149 0.525331 0.182182
0.343433 0.505477 0.162044
0.343424 0.341168 0.00225508
0.343831 0.483797 0.139967
0.344122 0.53811 0.193988
0.343473 0.199224 0.144249
0.343933 0.597216 0.253283
0.342822 0.304884 0.0379383
0.344177 0.714057 0.369881
0.344305 0.609995 0.26569
0.344389 0.661114 0.316724
0.343911 0.578047 0.234135
0.343318 0.262665 0.0806526
0.344325 0.605659 0.261335
0.342911 0.168873 0.174038
0.344056 0.682793 0.338738
0.34371 0.584436 0.240726
0.343822 0.509813 0.16599
0.344169 0.645139 0.30097
