0.254511 0.196257 0.0582535
0.133721 0.0554541 0.0782671
0.340329 0.494067 0.153738
0.271641 0.403241 0.131599
0.321304 0.355317 0.0340128
0.2234 0.200137 0.0232634
0.139562 0.182565 0.043003
0.138859 0.0773619 0.0614973
0.191277 0.0947056 0.0965716
0.333366 0.392058 0.0586921
0.476791 0.400046 0.0767449
0.465544 0.421725 0.0438191
0.30208 0.281607 0.0204735
0.439088 0.293701 0.145387
0.417998 0.353263 0.0647342
0.418359 0.263806 0.154553
0.146232 0.272707 0.126474
0.158972 0.319945 0.160973
0.131368 0.235737 0.104369
0.127321 0 0.127321
0.146831 0.0958466 0.0509843
0.330681 0.438156 0.107475
0.19593 0.116157 0.0797725
0.230201 0.188498 0.0417029
0.156104 0.0467823 0.109322
0.118335 0.185532 0.0671969
0.491835 0.403241 0.0885948
0.618828 0.653811 0.0349828
0.658604 0.830214 0.17161
0.50132 0.469192 0.0321278
0.474478 0.565495 0.0910169
0.671074 0.667732 0.00334239
0.632617 0.636467 0.00385034
0.536302 0.647193 0.110891
0.174648 0.09288 0.0817678
0.160659 0.233911 0.0732529
0.139173 0.162939 0.0237661
0.146268 0.238932 0.0926639
0.325749 0.225924 0.0998248
0.116998 0.00753081 0.109468
0.259003 0.149247 0.109756
0.163085 0.0677773 0.0953081
0.251427 0.0997261 0.1517
0.131665 0.0602465 0.0714189
0.498706 0.432907 0.0657984
0.537398 0.380648 0.15675
0.573505 0.554769 0.0187355
0.60946 0.635555 0.026095
0.565632 0.477408 0.0882242
0.546203 0.51278 0.0334237
0.510033 0.596075 0.0860421
0.57716 0.616385 0.0392253
0.571425 0.505477 0.0659481
0.594461 0.65267 0.0582089
0.536795 0.600411 0.0636153
0.267811 0.406207 0.138397
0.27009 0.230945 0.0391457
0.140625 0.0611593 0.0794655
0.259132 0.211091 0.0480408
0.387396 0.468051 0.0806551
0.20285 0.117983 0.0848676
0.179257 0.110224 0.0690337
0.209955 0.22387 0.0139153
0.34951 0.184391 0.16512
0.227103 0.237791 0.0106884
0.160896 0.116157 0.0447394
0.447785 0.422638 0.0251468
0.489268 0.407348 0.0819196
0.535301 0.344135 0.191166
0.488781 0.63236 0.143579
0.367452 0.527613 0.160161
0.479588 0.336148 0.143441
0.366733 0.255819 0.110914
0.506119 0.444318 0.0618011
0.221 0.106344 0.114656
0.255635 0.237791 0.0178445
0.458141 0.384756 0.0733855
0.352688 0.330899 0.0217893
0.19647 0.111365 0.0851051
0.451966 0.483797 0.0318314
0.261209 0.120949 0.14026
0.301238 0.135555 0.165683
0.326716 0.174578 0.152138
0.337513 0.321999 0.0155142
0.384673 0.421725 0.0370523
0.385788 0.399133 0.0133451
0.412247 0.380648 0.0315993
0.315351 0.374715 0.059364
0.346261 0.425833 0.0795717
0.512756 0.49612 0.016636
0.340967 0.325879 0.0150887
0.537837 0.357371 0.180466
0.466228 0.335007 0.131221
0.208908 0.310817 0.101909
0.412706 0.405294 0.00741115
0.363046 0.366499 0.00345367
0.609153 0.555911 0.0532422
0.398969 0.419671 0.0207027
0.363672 0.402099 0.0384275
0.398178 0.525331 0.127153
0.311631 0.296668 0.0149631
0.313819 0.375628 0.0618089
0.251588 0.23277 0.0188179
0.295921 0.504564 0.208643
0.245509 0.329073 0.0835646
0.415451 0.552716 0.137265
0.437041 0.494067 0.0570259
0.224767 0.251712 0.0269442
0.326111 0.280694 0.0454171
0.29582 0.229804 0.0660165
0.418215 0.31675 0.101465
0.430404 0.536969 0.106565
0.150159 0.313784 0.163624
0.356665 0.390005 0.0333392
0.260721 0.255819 0.00490171
0.382224 0.329073 0.0531507
0.37668 0.434048 0.057368
0.506337 0.454587 0.0517498
0.436737 0.510726 0.0739889
0.281127 0.472387 0.19126
0.559939 0.535828 0.0241109
0.279588 0.414423 0.134835
0.489799 0.587631 0.0978321
0.323397 0.424692 0.101295
0.553184 0.382702 0.170482
0.410773 0.485851 0.0750785
0.423268 0.332953 0.0903147
0.404581 0.447513 0.0429312
0.0997956 0.130762 0.0309665
0.12795 0.151073 0.0231221
0.166714 0.239845 0.073131
0.395212 0.354176 0.0410354
0.483193 0.590826 0.107633
0.109752 0.0362848 0.0734676
0.544877 0.492013 0.0528644
0.132773 0.129621 0.00315182
0.41476 0.362392 0.0523689
0.0903868 0.147193 0.0568062
0.286278 0.293701 0.00742382
0.396964 0.395025 0.00193843
0.144041 0.309904 0.165863
0.566527 0.628024 0.0614969
0.258442 0.144226 0.114216
0.185288 0.200137 0.0148488
0.359869 0.4288 0.0689302
0.188436 0.130762 0.0576733
0.33383 0.250799 0.0830317
0.27678 0.214058 0.062723
0.237936 0.259699 0.0217624
0.556731 0.540164 0.0165666
0.339534 0.355317 0.0157836
0.363254 0.41351 0.0502559
0.376349 0.379735 0.00338599
0.651311 0.743496 0.0921849
0.381057 0.293701 0.0873556
0.312378 0.383843 0.0714649
0.285174 0.300776 0.0156023
0.45711 0.494067 0.0369562
0.184321 0.142401 0.0419202
0.266574 0.21497 0.051604
0.407827 0.4288 0.0209724
0.465177 0.300776 0.164401
0.498223 0.522364 0.0241407
0.2917 0.179598 0.112102
0.290191 0.191465 0.0987257
0.311636 0.31675 0.00511414
0.153139 0.112277 0.0408617
0.56699 0.453674 0.113316
0.454105 0.380648 0.0734568
0.450712 0.384756 0.0659561
0.538277 0.4733 0.0649767
0.173508 0.176632 0.00312403
0.589943 0.787312 0.197368
0.359221 0.279781 0.0794404
0.538069 0.478549 0.0595199
0.261573 0.436102 0.174529
0.47106 0.497261 0.0262012
0.30756 0.417617 0.110058
0.350847 0.320858 0.0299886
0.107409 0.0668644 0.0405446
0.364165 0.444318 0.0801524
0.299587 0.195345 0.104243
0.276395 0.421725 0.14533
0.567527 0.571657 0.00412977
0.252131 0.0543131 0.197818
0.651293 0.712004 0.0607105
0.270002 0.293701 0.0236995
0.47419 0.667732 0.193542
0.519648 0.663396 0.143747
0.257052 0.134642 0.122411
0.25987 0.162939 0.0969305
0.216632 0.078503 0.138129
0.525265 0.536969 0.0117042
0.280617 0.361479 0.0808616
0.450303 0.343222 0.107081
0.26978 0.361479 0.0916988
0.671481 1 0.328519
0.184833 0.225924 0.0410917
0.165099 0.0880876 0.077011
0.492633 0.474441 0.0181926
0.355338 0.257645 0.0976929
0.396472 0.198311 0.198161
0.612263 0.509813 0.10245
0.358141 0.178686 0.179455
0.318972 0.0351438 0.283828
0.442216 0.164765 0.277451
0.255141 0.201278 0.0538634
0.395144 0.253765 0.141378
0.435673 0.489959 0.0542856
0.3478 0.256732 0.0910676
0.42451 0.30283 0.12168
0.436719 0.159973 0.276747
0.448693 0.28366 0.165033
0.329861 0.267686 0.0621746
0.512191 0.525331 0.0131398
0.447793 0.505477 0.057684
0.514653 0.341168 0.173484
0.457079 0.483797 0.026718
0.645723 0.53811 0.107612
0.26964 0.199224 0.0704164
0.566774 0.597216 0.0304424
0.3102 0.304884 0.00531626
0.658517 0.714057 0.0555408
0.605543 0.609995 0.00445223
0.630474 0.661114 0.0306395
0.623925 0.578047 0.0458783
0.287581 0.262665 0.024916
0.610247 0.605659 0.00458741
0.316681 0.168873 0.147808
0.560574 0.682793 0.122219
0.659585 0.584436 0.0751488
0.557006 0.509813 0.0471929
0.592115 0.645139 0.0530247
