0.26442 0.196257 0.0681626
0.119479 0.0554541 0.0640247
0.339116 0.494067 0.154951
0.285467 0.403241 0.117774
0.329618 0.355317 0.025699
0.229855 0.200137 0.0297178
0.127528 0.182565 0.0550374
0.128442 0.0773619 0.0510802
0.201665 0.0947056 0.10696
0.341725 0.392058 0.0503331
0.474043 0.400046 0.0739973
0.462875 0.421725 0.0411493
0.318509 0.281607 0.036902
0.441613 0.293701 0.147911
0.418281 0.353263 0.0650172
0.414183 0.263806 0.150377
0.133882 0.272707 0.138824
0.15131 0.319945 0.168635
0.116724 0.235737 0.119013
0.110709 0 0.110709
0.134043 0.0958466 0.0381962
0.334713 0.438156 0.103443
0.199169 0.116157 0.0830117
0.228006 0.188498 0.0395075
0.149176 0.0467823 0.102394
0.0947897 0.185532 0.0907421
0.482367 0.403241 0.0791261
0.623902 0.653811 0.0299085
0.690089 0.830214 0.140125
0.49376 0.469192 0.024568
0.455977 0.565495 0.109518
0.70239 0.667732 0.0346588
0.645735 0.636467 0.00926793
0.527697 0.647193 0.119496
0.167197 0.09288 0.0743173
0.154494 0.233911 0.0794171
0.122527 0.162939 0.0404118
0.133621 0.238932 0.105311
0.330919 0.225924 0.104995
0.0885692 0.00753081 0.0810383
0.256815 0.149247 0.107568
0.153455 0.0677773 0.0856776
0.252456 0.0997261 0.15273
0.12558 0.0602465 0.0653334
0.491914 0.432907 0.0590067
0.521341 0.380648 0.140693
0.567583 0.554769 0.0128134
0.608482 0.635555 0.0270724
0.553764 0.477408 0.0763566
0.535914 0.51278 0.0231349
0.499352 0.596075 0.0967224
0.56828 0.616385 0.0481057
0.559904 0.505477 0.0544274
0.588386 0.65267 0.064284
0.523337 0.600411 0.0770739
0.271392 0.406207 0.134815
0.280471 0.230945 0.0495261
0.124094 0.0611593 0.0629344
0.257043 0.211091 0.0459517
0.38366 0.468051 0.0843909
0.197702 0.117983 0.0797194
0.174065 0.110224 0.0638411
0.205909 0.22387 0.0179614
0.343812 0.184391 0.159422
0.221442 0.237791 0.0163493
0.142345 0.116157 0.0261884
0.427694 0.422638 0.00505608
0.472113 0.407348 0.0647644
0.517972 0.344135 0.173837
0.464723 0.63236 0.167636
0.356365 0.527613 0.171248
0.469297 0.336148 0.133149
0.35951 0.255819 0.103691
0.484202 0.444318 0.0398848
0.221988 0.106344 0.115644
0.255184 0.237791 0.0173926
0.445331 0.384756 0.0605755
0.348201 0.330899 0.0173014
0.193127 0.111365 0.0817626
0.44336 0.483797 0.0404374
0.263901 0.120949 0.142952
0.308649 0.135555 0.173095
0.320045 0.174578 0.145467
0.338117 0.321999 0.016118
0.390067 0.421725 0.0316586
0.384973 0.399133 0.0141599
0.403441 0.380648 0.0227925
0.320221 0.374715 0.0544942
0.341288 0.425833 0.0845446
0.50068 0.49612 0.00455919
0.338807 0.325879 0.0129282
0.526274 0.357371 0.168903
0.459686 0.335007 0.12468
0.219877 0.310817 0.0909405
0.411823 0.405294 0.00652888
0.364621 0.366499 0.00187805
0.612417 0.555911 0.0565065
0.398655 0.419671 0.0210168
0.36692 0.402099 0.0351797
0.39732 0.525331 0.128011
0.314945 0.296668 0.0182765
0.315573 0.375628 0.0600543
0.253726 0.23277 0.020956
0.302322 0.504564 0.202242
0.248326 0.329073 0.0807475
0.410027 0.552716 0.142689
0.427974 0.494067 0.0660924
0.233943 0.251712 0.0177688
0.32556 0.280694 0.0448659
0.300117 0.229804 0.0703136
0.422141 0.31675 0.105391
0.427563 0.536969 0.109406
0.142888 0.313784 0.170895
0.363523 0.390005 0.0264816
0.266091 0.255819 0.0102713
0.372879 0.329073 0.043806
0.376134 0.434048 0.0579143
0.49994 0.454587 0.0453527
0.434086 0.510726 0.0766401
0.291959 0.472387 0.180429
0.549784 0.535828 0.0139557
0.289829 0.414423 0.124594
0.485191 0.587631 0.102441
0.332066 0.424692 0.0926263
0.544621 0.382702 0.161919
0.406968 0.485851 0.0788828
0.420664 0.332953 0.0877107
0.399065 0.447513 0.0484478
0.0725664 0.130762 0.0581958
0.11823 0.151073 0.0328429
0.170879 0.239845 0.0689659
0.39873 0.354176 0.044554
0.474214 0.590826 0.116612
0.0848946 0.0362848 0.0486098
0.536908 0.492013 0.0448954
0.122438 0.129621 0.00718303
0.418178 0.362392 0.0557863
0.0558317 0.147193 0.0913614
0.289102 0.293701 0.00459909
0.398556 0.395025 0.00353104
0.140229 0.309904 0.169675
0.560062 0.628024 0.0679613
0.266221 0.144226 0.121994
0.185535 0.200137 0.0146021
0.361134 0.4288 0.0676651
0.189274 0.130762 0.0585115
0.335616 0.250799 0.0848174
0.282889 0.214058 0.0688311
0.244729 0.259699 0.0149693
0.548649 0.540164 0.00848424
0.347092 0.355317 0.00822499
0.36417 0.41351 0.0493395
0.375278 0.379735 0.00445759
0.677482 0.743496 0.066014
0.381641 0.293701 0.087939
0.318609 0.383843 0.0652339
0.295382 0.300776 0.00539407
0.445831 0.494067 0.0482354
0.185926 0.142401 0.0435257
0.27198 0.21497 0.0570096
0.406672 0.4288 0.0221279
0.460385 0.300776 0.159609
0.490942 0.522364 0.0314221
0.299056 0.179598 0.119457
0.291237 0.191465 0.0997715
0.319898 0.31675 0.00314805
0.141914 0.112277 0.0296362
0.563388 0.453674 0.109714
0.451425 0.380648 0.0707774
0.448141 0.384756 0.0633855
0.526479 0.4733 0.0531793
0.166425 0.176632 0.010207
0.586498 0.787312 0.200814
0.358975 0.279781 0.0791941
0.525651 0.478549 0.0471022
0.271552 0.436102 0.16455
0.460018 0.497261 0.0372439
0.311308 0.417617 0.10631
0.35475 0.320858 0.033892
0.0801083 0.0668644 0.0132438
0.362601 0.444318 0.0817162
0.30221 0.195345 0.106866
0.281422 0.421725 0.140303
0.561487 0.571657 0.0101697
0.262159 0.0543131 0.207846
0.676662 0.712004 0.0353413
0.274259 0.293701 0.0194425
0.463934 0.667732 0.203798
0.513887 0.663396 0.149508
0.263745 0.134642 0.129103
0.260267 0.162939 0.097328
0.218928 0.078503 0.140425
0.522766 0.536969 0.0142031
0.281025 0.361479 0.0804541
0.435961 0.343222 0.0927392
0.27154 0.361479 0.0899383
0.717923 1 0.282077
0.183936 0.225924 0.0419881
0.148812 0.0880876 0.0607241
0.48666 0.474441 0.0122194
0.348508 0.257645 0.0908628
0.394156 0.198311 0.195845
0.613435 0.509813 0.103622
0.341985 0.178686 0.163299
0.317757 0.0351438 0.282614
0.435771 0.164765 0.271006
0.252053 0.201278 0.0507746
0.390624 0.253765 0.136858
0.430202 0.489959 0.0597565
0.352986 0.256732 0.096254
0.413767 0.30283 0.110938
0.429213 0.159973 0.26924
0.439279 0.28366 0.155618
0.327661 0.267686 0.0599751
0.494108 0.525331 0.0312231
0.434789 0.505477 0.0706879
0.49497 0.341168 0.153802
0.44295 0.483797 0.0408475
0.664363 0.53811 0.126253
0.267515 0.199224 0.0682912
0.552331 0.597216 0.0448848
0.308616 0.304884 0.00373191
0.687374 0.714057 0.0266835
0.601311 0.609995 0.00868469
0.635609 0.661114 0.0255048
0.626143 0.578047 0.0480959
0.28277 0.262665 0.0201044
0.610058 0.605659 0.00439841
0.303719 0.168873 0.134846
0.544738 0.682793 0.138055
0.688912 0.584436 0.104475
0.537227 0.509813 0.0274144
0.57965 0.645139 0.0654891
