0.261506 0.196257 0.0652485
0.122069 0.0554541 0.0666147
0.337947 0.494067 0.156119
0.282214 0.403241 0.121027
0.327672 0.355317 0.0276448
0.228023 0.200137 0.0278863
0.129774 0.182565 0.0527909
0.130257 0.0773619 0.0528946
0.199531 0.0947056 0.104826
0.339867 0.392058 0.0521913
0.473551 0.400046 0.073505
0.462337 0.421725 0.0406115
0.315315 0.281607 0.0337082
0.440209 0.293701 0.146508
0.417109 0.353263 0.0638459
0.414258 0.263806 0.150451
0.136322 0.272707 0.136384
0.152612 0.319945 0.167333
0.119787 0.235737 0.115951
0.113896 0 0.113896
0.13649 0.0958466 0.0406437
0.332463 0.438156 0.105693
0.19836 0.116157 0.0822032
0.226678 0.188498 0.0381793
0.150208 0.0467823 0.103426
0.0997792 0.185532 0.0857525
0.484291 0.403241 0.0810507
0.624567 0.653811 0.0292436
0.686537 0.830214 0.143677
0.495213 0.469192 0.0260207
0.459754 0.565495 0.105741
0.702652 0.667732 0.0349202
0.645118 0.636467 0.0086506
0.529315 0.647193 0.117878
0.168791 0.09288 0.0759115
0.155977 0.233911 0.0779341
0.126338 0.162939 0.0366012
0.136349 0.238932 0.102583
0.32926 0.225924 0.103336
0.0951822 0.00753081 0.0876514
0.257423 0.149247 0.108176
0.155798 0.0677773 0.0880208
0.252404 0.0997261 0.152678
0.126235 0.0602465 0.0659884
0.493383 0.432907 0.0604759
0.524864 0.380648 0.144216
0.569737 0.554769 0.0149671
0.610348 0.635555 0.0252061
0.557133 0.477408 0.079725
0.538883 0.51278 0.0261031
0.501879 0.596075 0.0941963
0.570847 0.616385 0.0455378
0.563132 0.505477 0.0576555
0.590736 0.65267 0.0619342
0.526052 0.600411 0.0743587
0.271032 0.406207 0.135175
0.278595 0.230945 0.0476507
0.128453 0.0611593 0.0672938
0.258197 0.211091 0.0471061
0.3847 0.468051 0.0833507
0.199423 0.117983 0.0814399
0.175693 0.110224 0.065469
0.208242 0.22387 0.0156286
0.345659 0.184391 0.161269
0.224306 0.237791 0.0134847
0.147638 0.116157 0.0314812
0.43294 0.422638 0.0103024
0.475828 0.407348 0.0684795
0.521711 0.344135 0.177576
0.469609 0.63236 0.162751
0.358858 0.527613 0.168755
0.471483 0.336148 0.135335
0.362249 0.255819 0.10643
0.489032 0.444318 0.0447139
0.222506 0.106344 0.116162
0.25593 0.237791 0.0181394
0.447352 0.384756 0.0625963
0.349271 0.330899 0.0183719
0.194837 0.111365 0.0834726
0.444662 0.483797 0.0391349
0.263686 0.120949 0.142737
0.307323 0.135555 0.171768
0.322026 0.174578 0.147448
0.338029 0.321999 0.0160303
0.38931 0.421725 0.0324147
0.385528 0.399133 0.0136048
0.404695 0.380648 0.0240473
0.319178 0.374715 0.055537
0.34247 0.425833 0.0833629
0.502352 0.49612 0.0062317
0.339678 0.325879 0.0137999
0.528175 0.357371 0.170804
0.460544 0.335007 0.125537
0.217814 0.310817 0.0930025
0.41129 0.405294 0.00599551
0.364268 0.366499 0.00223079
0.612299 0.555911 0.0563885
0.3981 0.419671 0.021571
0.365637 0.402099 0.0364625
0.397069 0.525331 0.128261
0.314085 0.296668 0.0174165
0.315559 0.375628 0.0600687
0.253978 0.23277 0.0212077
0.300748 0.504564 0.203817
0.248609 0.329073 0.0804649
0.411095 0.552716 0.14162
0.428841 0.494067 0.065226
0.232113 0.251712 0.0195983
0.325714 0.280694 0.0450203
0.299994 0.229804 0.0701901
0.421086 0.31675 0.104336
0.427575 0.536969 0.109395
0.144894 0.313784 0.16889
0.36206 0.390005 0.0279449
0.265152 0.255819 0.00933316
0.374764 0.329073 0.0456901
0.375511 0.434048 0.0585377
0.500815 0.454587 0.0462284
0.434236 0.510726 0.07649
0.289856 0.472387 0.182531
0.551763 0.535828 0.015935
0.287545 0.414423 0.126877
0.484731 0.587631 0.1029
0.330086 0.424692 0.0946057
0.546016 0.382702 0.163314
0.406891 0.485851 0.0789601
0.420547 0.332953 0.0875937
0.400262 0.447513 0.0472502
0.0778781 0.130762 0.0528841
0.119388 0.151073 0.031685
0.16894 0.239845 0.0709049
0.396816 0.354176 0.04264
0.475081 0.590826 0.115746
0.0894884 0.0362848 0.0532036
0.53818 0.492013 0.0461671
0.124397 0.129621 0.00522423
0.417473 0.362392 0.0550819
0.0626192 0.147193 0.0845739
0.28767 0.293701 0.00603178
0.396994 0.395025 0.00196886
0.140309 0.309904 0.169595
0.561188 0.628024 0.0668362
0.264122 0.144226 0.119895
0.184611 0.200137 0.0155259
0.359812 0.4288 0.0689875
0.188601 0.130762 0.057839
0.334858 0.250799 0.0840589
0.281936 0.214058 0.0678783
0.242292 0.259699 0.0174067
0.550365 0.540164 0.0102003
0.345883 0.355317 0.00943378
0.363472 0.41351 0.0500377
0.375865 0.379735 0.00387067
0.674725 0.743496 0.0687708
0.380516 0.293701 0.0868143
0.3171 0.383843 0.0667428
0.293128 0.300776 0.00764814
0.448396 0.494067 0.0456702
0.18527 0.142401 0.0428692
0.2708 0.21497 0.0558293
0.406424 0.4288 0.0223753
0.461148 0.300776 0.160372
0.491934 0.522364 0.0304306
0.297227 0.179598 0.117628
0.290857 0.191465 0.099392
0.317246 0.31675 0.000495702
0.144395 0.112277 0.0321179
0.564473 0.453674 0.110799
0.452156 0.380648 0.0715082
0.447816 0.384756 0.0630598
0.528486 0.4733 0.0551865
0.16847 0.176632 0.00816184
0.588003 0.787312 0.199308
0.359044 0.279781 0.0792636
0.528022 0.478549 0.0494736
0.269107 0.436102 0.166995
0.461505 0.497261 0.0357567
0.310014 0.417617 0.107603
0.353193 0.320858 0.0323353
0.0861203 0.0668644 0.0192559
0.362978 0.444318 0.0813398
0.302171 0.195345 0.106826
0.280167 0.421725 0.141558
0.562905 0.571657 0.00875169
0.260222 0.0543131 0.205909
0.67428 0.712004 0.0377234
0.274672 0.293701 0.0190293
0.46531 0.667732 0.202422
0.514219 0.663396 0.149177
0.262914 0.134642 0.128273
0.260819 0.162939 0.0978795
0.218818 0.078503 0.140315
0.523151 0.536969 0.0138181
0.281105 0.361479 0.0803736
0.438618 0.343222 0.095396
0.271991 0.361479 0.0894876
0.711839 1 0.288161
0.184748 0.225924 0.0411759
0.153333 0.0880876 0.065245
0.487824 0.474441 0.0133829
0.349631 0.257645 0.0919862
0.39312 0.198311 0.194809
0.614807 0.509813 0.104994
0.34577 0.178686 0.167085
0.3182 0.0351438 0.283056
0.437164 0.164765 0.272399
0.253603 0.201278 0.0523248
0.3919 0.253765 0.138135
0.431225 0.489959 0.0587342
0.35273 0.256732 0.0959977
0.415821 0.30283 0.112991
0.430728 0.159973 0.270756
0.440924 0.28366 0.157264
0.328799 0.267686 0.0611134
0.497954 0.525331 0.0273767
0.437062 0.505477 0.0684153
0.499238 0.341168 0.15807
0.445972 0.483797 0.0378257
0.663634 0.53811 0.125524
0.269163 0.199224 0.0699392
0.556491 0.597216 0.0407251
0.309852 0.304884 0.0049679
0.685106 0.714057 0.028951
0.604587 0.609995 0.00540799
0.637242 0.661114 0.023872
0.628128 0.578047 0.0500817
0.28533 0.262665 0.0226647
0.612198 0.605659 0.00653833
0.307651 0.168873 0.138778
0.54932 0.682793 0.133473
0.68646 0.584436 0.102024
0.54261 0.509813 0.0327972
0.584186 0.645139 0.0609533
