0.258128 0.196257 0.0618708
0.130724 0.0554541 0.0752695
0.337775 0.494067 0.156291
0.276135 0.403241 0.127106
0.323713 0.355317 0.0316039
0.225315 0.200137 0.0251784
0.137114 0.182565 0.0454513
0.136745 0.0773619 0.0593829
0.197829 0.0947056 0.103124
0.335863 0.392058 0.0561955
0.474238 0.400046 0.0741925
0.464031 0.421725 0.0423061
0.307584 0.281607 0.0259771
0.439021 0.293701 0.14532
0.414807 0.353263 0.0615432
0.412961 0.263806 0.149155
0.145031 0.272707 0.127675
0.159199 0.319945 0.160746
0.12924 0.235737 0.106497
0.12374 0 0.12374
0.145096 0.0958466 0.0492492
0.329128 0.438156 0.109028
0.198966 0.116157 0.0828094
0.228795 0.188498 0.0402968
0.154787 0.0467823 0.108004
0.112735 0.185532 0.0727971
0.489128 0.403241 0.0858871
0.627154 0.653811 0.0266573
0.677279 0.830214 0.152935
0.499592 0.469192 0.0303995
0.468457 0.565495 0.0970378
0.695223 0.667732 0.0274916
0.644463 0.636467 0.00799549
0.535311 0.647193 0.111882
0.175715 0.09288 0.0828353
0.160749 0.233911 0.0731624
0.137059 0.162939 0.0258804
0.144422 0.238932 0.09451
0.327321 0.225924 0.101397
0.11144 0.00753081 0.103909
0.260391 0.149247 0.111144
0.163073 0.0677773 0.0952958
0.254904 0.0997261 0.155178
0.131045 0.0602465 0.0707983
0.498023 0.432907 0.0651159
0.534777 0.380648 0.154129
0.57543 0.554769 0.0206607
0.615653 0.635555 0.0199015
0.566276 0.477408 0.0888686
0.545897 0.51278 0.0331177
0.50847 0.596075 0.0876047
0.578218 0.616385 0.0381669
0.571406 0.505477 0.0659292
0.597831 0.65267 0.0548394
0.533664 0.600411 0.0667466
0.271843 0.406207 0.134365
0.275385 0.230945 0.04444
0.139388 0.0611593 0.078229
0.260936 0.211091 0.0498455
0.386796 0.468051 0.0812555
0.204295 0.117983 0.0863125
0.18053 0.110224 0.0703065
0.213827 0.22387 0.0100434
0.350338 0.184391 0.165947
0.23005 0.237791 0.0077405
0.159709 0.116157 0.0435521
0.444561 0.422638 0.0219229
0.485104 0.407348 0.0777553
0.530626 0.344135 0.186491
0.481715 0.63236 0.150645
0.364172 0.527613 0.163441
0.477482 0.336148 0.141335
0.366825 0.255819 0.111005
0.499787 0.444318 0.055469
0.224114 0.106344 0.11777
0.257417 0.237791 0.0196263
0.453436 0.384756 0.06868
0.351042 0.330899 0.0201428
0.198738 0.111365 0.0873733
0.447996 0.483797 0.0358015
0.264006 0.120949 0.143057
0.30454 0.135555 0.168985
0.325804 0.174578 0.151226
0.338664 0.321999 0.0166647
0.38681 0.421725 0.0349148
0.385677 0.399133 0.0134561
0.409241 0.380648 0.0285929
0.317476 0.374715 0.0572387
0.344594 0.425833 0.0812394
0.508893 0.49612 0.0127726
0.342022 0.325879 0.016143
0.535263 0.357371 0.177892
0.463496 0.335007 0.128489
0.212772 0.310817 0.0980451
0.412552 0.405294 0.00725749
0.36469 0.366499 0.00180879
0.614485 0.555911 0.0585741
0.397545 0.419671 0.0221259
0.364409 0.402099 0.0376903
0.397808 0.525331 0.127523
0.313887 0.296668 0.0172188
0.316254 0.375628 0.0593737
0.254482 0.23277 0.021712
0.298952 0.504564 0.205612
0.249716 0.329073 0.0793571
0.413925 0.552716 0.13879
0.43231 0.494067 0.0617563
0.229051 0.251712 0.0226607
0.327069 0.280694 0.0463756
0.300155 0.229804 0.0703515
0.419535 0.31675 0.102785
0.430056 0.536969 0.106913
0.151014 0.313784 0.16277
0.359143 0.390005 0.0308618
0.264423 0.255819 0.00860408
0.380102 0.329073 0.0510285
0.376455 0.434048 0.0575934
0.505599 0.454587 0.0510121
0.4358 0.510726 0.074926
0.285844 0.472387 0.186544
0.558878 0.535828 0.0230496
0.285591 0.414423 0.128832
0.487935 0.587631 0.0996957
0.32644 0.424692 0.0982522
0.552106 0.382702 0.169404
0.408362 0.485851 0.0774889
0.421618 0.332953 0.0886655
0.402995 0.447513 0.0445172
0.0918217 0.130762 0.0389405
0.12543 0.151073 0.0256421
0.16885 0.239845 0.070995
0.394115 0.354176 0.0399385
0.478705 0.590826 0.112121
0.102091 0.0362848 0.0658059
0.542889 0.492013 0.0508759
0.13114 0.129621 0.00151861
0.416397 0.362392 0.0540058
0.0794108 0.147193 0.0677822
0.286533 0.293701 0.00716883
0.395495 0.395025 0.000470102
0.144291 0.309904 0.165613
0.566923 0.628024 0.0611006
0.261496 0.144226 0.11727
0.18471 0.200137 0.0154267
0.358041 0.4288 0.0707588
0.189954 0.130762 0.0591917
0.333093 0.250799 0.0822946
0.280208 0.214058 0.0661505
0.240442 0.259699 0.0192567
0.555923 0.540164 0.015759
0.342735 0.355317 0.0125825
0.363624 0.41351 0.0498863
0.376842 0.379735 0.00289303
0.668463 0.743496 0.0750327
0.379517 0.293701 0.0858155
0.314711 0.383843 0.0691324
0.289339 0.300776 0.011437
0.455024 0.494067 0.0390429
0.186635 0.142401 0.0442344
0.27011 0.21497 0.0551393
0.407155 0.4288 0.0216443
0.464209 0.300776 0.163433
0.495909 0.522364 0.026455
0.294289 0.179598 0.11469
0.291715 0.191465 0.10025
0.312273 0.31675 0.00447744
0.152103 0.112277 0.039826
0.568423 0.453674 0.114748
0.454799 0.380648 0.0741505
0.447681 0.384756 0.0629251
0.535069 0.4733 0.0617693
0.174869 0.176632 0.00176227
0.592987 0.787312 0.194324
0.359514 0.279781 0.0797326
0.535876 0.478549 0.057327
0.266183 0.436102 0.169919
0.4666 0.497261 0.0306616
0.308085 0.417617 0.109532
0.352258 0.320858 0.0313997
0.0998916 0.0668644 0.0330271
0.36362 0.444318 0.0806976
0.301538 0.195345 0.106194
0.27932 0.421725 0.142405
0.56867 0.571657 0.00298643
0.256512 0.0543131 0.202199
0.668277 0.712004 0.0437269
0.277443 0.293701 0.0162582
0.469944 0.667732 0.197788
0.517869 0.663396 0.145527
0.26179 0.134642 0.127148
0.263313 0.162939 0.100374
0.220264 0.078503 0.141761
0.524694 0.536969 0.012275
0.280892 0.361479 0.0805866
0.445201 0.343222 0.101979
0.27307 0.361479 0.088409
0.695962 1 0.304038
0.187804 0.225924 0.0381198
0.163427 0.0880876 0.0753397
0.491322 0.474441 0.0168807
0.354032 0.257645 0.0963872
0.390689 0.198311 0.192377
0.618778 0.509813 0.108965
0.35454 0.178686 0.175855
0.320577 0.0351438 0.285433
0.439493 0.164765 0.274728
0.259324 0.201278 0.058046
0.393917 0.253765 0.140151
0.432843 0.489959 0.0571159
0.350673 0.256732 0.0939407
0.420454 0.30283 0.117624
0.435445 0.159973 0.275473
0.444791 0.28366 0.16113
0.330684 0.267686 0.0629977
0.508824 0.525331 0.0165066
0.443395 0.505477 0.062082
0.510301 0.341168 0.169133
0.453037 0.483797 0.0307605
0.660834 0.53811 0.122724
0.271403 0.199224 0.0721793
0.56718 0.597216 0.0300363
0.313212 0.304884 0.0083288
0.677603 0.714057 0.0364544
0.611555 0.609995 0.0015592
0.6402 0.661114 0.020914
0.632219 0.578047 0.054172
0.289368 0.262665 0.0267025
0.616588 0.605659 0.0109287
0.316056 0.168873 0.147183
0.559895 0.682793 0.122899
0.679061 0.584436 0.0946252
0.554135 0.509813 0.0443224
0.593555 0.645139 0.0515838
