0.342972 0.196257 0.146715
0.343231 0.0554541 0.287777
0.342795 0.494067 0.151271
0.344249 0.403241 0.058991
0.34334 0.355317 0.0119775
0.343421 0.200137 0.143284
0.344172 0.182565 0.161607
0.343669 0.0773619 0.266307
0.344244 0.0947056 0.249538
0.343579 0.392058 0.0484799
0.344348 0.400046 0.0556972
0.344118 0.421725 0.0776071
0.3439 0.281607 0.0622938
0.344348 0.293701 0.0506469
0.343693 0.353263 0.00957072
0.344252 0.263806 0.0804451
0.342414 0.272707 0.0697075
0.342705 0.319945 0.0227594
0.342791 0.235737 0.107054
0.342861 0 0.342861
0.342417 0.0958466 0.246571
0.342935 0.438156 0.0952212
0.342949 0.116157 0.226792
0.343856 0.188498 0.155358
0.343097 0.0467823 0.296315
0.343134 0.185532 0.157602
0.344697 0.403241 0.0585432
0.345103 0.653811 0.308708
0.344026 0.830214 0.486189
0.344139 0.469192 0.125053
0.344406 0.565495 0.221089
0.343944 0.667732 0.323788
0.344524 0.636467 0.291944
0.344434 0.647193 0.302759
0.341874 0.09288 0.248994
0.343214 0.233911 0.109303
0.342361 0.162939 0.179421
0.342745 0.238932 0.103813
0.342462 0.225924 0.116538
0.342213 0.00753081 0.334682
0.342769 0.149247 0.193523
0.342354 0.0677773 0.274577
0.34264 0.0997261 0.242914
0.343436 0.0602465 0.28319
0.344134 0.432907 0.0887733
0.343972 0.380648 0.0366762
0.34456 0.554769 0.210209
0.344008 0.635555 0.291546
0.343974 0.477408 0.133434
0.344693 0.51278 0.168087
0.343694 0.596075 0.252381
0.344041 0.616385 0.272344
0.343984 0.505477 0.161493
0.344534 0.65267 0.308136
0.344267 0.600411 0.256144
0.342996 0.406207 0.0632108
0.343266 0.230945 0.112321
0.343337 0.0611593 0.282178
0.342971 0.211091 0.13188
0.343511 0.468051 0.12454
0.343289 0.117983 0.225307
0.343228 0.110224 0.233004
0.342387 0.22387 0.118517
0.342959 0.184391 0.158569
0.343067 0.237791 0.105276
0.343538 0.116157 0.227381
0.343641 0.422638 0.0789967
0.343646 0.407348 0.0637027
0.343764 0.344135 0.000371158
0.343585 0.63236 0.288774
0.343306 0.527613 0.184307
0.344138 0.336148 0.00799018
0.343651 0.255819 0.0878317
0.343526 0.444318 0.100792
0.343592 0.106344 0.237248
0.34356 0.237791 0.10577
0.343412 0.384756 0.0413435
0.343728 0.330899 0.0128293
0.343322 0.111365 0.231957
0.344007 0.483797 0.139791
0.343599 0.120949 0.22265
0.343698 0.135555 0.208143
0.343563 0.174578 0.168985
0.343163 0.321999 0.0211637
0.34416 0.421725 0.0775651
0.344028 0.399133 0.0551048
0.34326 0.380648 0.0373882
0.343451 0.374715 0.0312633
0.344091 0.425833 0.0817417
0.343464 0.49612 0.152656
0.343157 0.325879 0.0172781
0.343845 0.357371 0.013526
0.344266 0.335007 0.00925931
0.344096 0.310817 0.0332792
0.343144 0.405294 0.0621502
0.343544 0.366499 0.0229557
0.343892 0.555911 0.212019
0.344089 0.419671 0.075582
0.343225 0.402099 0.0588741
0.343525 0.525331 0.181806
0.342958 0.296668 0.0462895
0.343439 0.375628 0.032189
0.343928 0.23277 0.111158
0.344001 0.504564 0.160563
0.343709 0.329073 0.0146352
0.344299 0.552716 0.208417
0.343911 0.494067 0.150156
0.343483 0.251712 0.0917712
0.343143 0.280694 0.0624493
0.343548 0.229804 0.113744
0.343608 0.31675 0.0268577
0.343663 0.536969 0.193306
0.343133 0.313784 0.0293492
0.343869 0.390005 0.0461354
0.343331 0.255819 0.0875118
0.343166 0.329073 0.0140921
0.343379 0.434048 0.0906695
0.343861 0.454587 0.110726
0.343364 0.510726 0.167362
0.343466 0.472387 0.128921
0.343636 0.535828 0.192193
0.343258 0.414423 0.0711645
0.343879 0.587631 0.243753
0.343236 0.424692 0.0814561
0.344581 0.382702 0.038121
0.343446 0.485851 0.142405
0.343456 0.332953 0.0105028
0.343435 0.447513 0.104078
0.342799 0.130762 0.212037
0.343459 0.151073 0.192386
0.343009 0.239845 0.103164
0.344386 0.354176 0.00979
0.344175 0.590826 0.246651
0.342293 0.0362848 0.306009
0.344525 0.492013 0.147488
0.342829 0.129621 0.213208
0.344946 0.362392 0.017446
0.342494 0.147193 0.195301
0.343119 0.293701 0.0494172
0.343935 0.395025 0.0510902
0.343127 0.309904 0.0332233
0.344212 0.628024 0.283812
0.343502 0.144226 0.199276
0.342673 0.200137 0.142536
0.343397 0.4288 0.0854021
0.342515 0.130762 0.211753
0.343876 0.250799 0.0930771
0.343878 0.214058 0.12982
0.342518 0.259699 0.0828191
0.344332 0.540164 0.195833
0.344533 0.355317 0.0107845
0.343113 0.41351 0.0703973
0.344729 0.379735 0.035006
0.344695 0.743496 0.398801
0.343572 0.293701 0.049871
0.343402 0.383843 0.0404406
0.343485 0.300776 0.0427093
0.344365 0.494067 0.149702
0.342734 0.142401 0.200333
0.343025 0.21497 0.128055
0.343966 0.4288 0.0848338
0.345018 0.300776 0.0442424
0.344498 0.522364 0.177866
0.342948 0.179598 0.163349
0.343107 0.191465 0.151642
0.343411 0.31675 0.0266605
0.34358 0.112277 0.231303
0.344843 0.453674 0.108831
0.344235 0.380648 0.0364131
0.344467 0.384756 0.0402886
0.343899 0.4733 0.129401
0.342892 0.176632 0.166261
0.345057 0.787312 0.442255
0.344058 0.279781 0.0642767
0.344458 0.478549 0.134091
0.343255 0.436102 0.0928472
0.343816 0.497261 0.153445
0.343245 0.417617 0.0743729
0.343334 0.320858 0.0224763
0.343455 0.0668644 0.276591
0.343667 0.444318 0.10065
0.34365 0.195345 0.148306
0.342853 0.421725 0.0788718
0.34399 0.571657 0.227667
0.343795 0.0543131 0.289482
0.344448 0.712004 0.367555
0.344174 0.293701 0.0504729
0.343597 0.667732 0.324134
0.344283 0.663396 0.319113
0.34312 0.134642 0.208478
0.342984 0.162939 0.180044
0.342869 0.078503 0.264366
0.344561 0.536969 0.192409
0.343476 0.361479 0.018003
0.344133 0.343222 0.000911057
0.343274 0.361479 0.0182049
0.344417 1 0.655583
0.342972 0.225924 0.117048
0.343063 0.0880876 0.254975
0.344285 0.474441 0.130156
0.343012 0.257645 0.0853671
0.34367 0.198311 0.145359
0.345071 0.509813 0.164742
0.343356 0.178686 0.16467
0.342864 0.0351438 0.30772
0.344006 0.164765 0.179241
0.341959 0.201278 0.140681
0.343694 0.253765 0.0899283
0.344261 0.489959 0.145698
0.343836 0.256732 0.0871034
0.343691 0.30283 0.0408615
0.343009 0.159973 0.183037
0.343909 0.28366 0.0602486
0.343698 0.267686 0.0760125
0.343024 0.525331 0.182307
0.343495 0.505477 0.161982
0.343476 0.341168 0.00230762
0.344137 0.483797 0.13966
0.344612 0.53811 0.193498
0.343553 0.199224 0.144329
0.344308 0.597216 0.252908
0.342488 0.304884 0.0376047
0.344698 0.714057 0.36936
0.344901 0.609995 0.265095
0.345036 0.661114 0.316077
0.344268 0.578047 0.233778
0.343298 0.262665 0.0806327
0.344938 0.605659 0.260721
0.342628 0.168873 0.173755
0.344503 0.682793 0.33829
0.343946 0.584436 0.24049
0.344122 0.509813 0.165691
0.344682 0.645139 0.300457
